-1864
-193
-3455
-1866
-3589
-2685
-1574
-2505
-520
-2166
-4013
-2679
-1404
-679
-2756
-2838
-4524
-1318
-3041
-874
-2888
-2014
-2272
-3523
-2489
-4019
-3965
-499
-1123
-3539
-3918
-2062
-3269
-296
-3219
-2870
-583
-1925
-207
-743
-153
-4830
-2740
-2161
-1741
-2829
-2138
-3783
-2939
-3683
-416
-1977
-3646
-3870
-2082
-1335
-2433
-1678
-963
-4577
-2142
-4101
-4469
-3828
-470
-1978
-1745
-4086
-4617
28
141
-1789
-4668
-3376
-1812
-205
-4802
-1724
-3608
-2783
-3235
-4618
-1236
-1381
66
-1269
-47
-3468
-1611
-2756
-1442
-2255
-740
-1285
-1768
-3798
-4315
-2372
-3699
-1141
-1183
54
-471
-4697
498
-4993
-46
-2216
-2325
-3088
-3466
-2486
-778
-284
-3223
-375
-3552
-3239
-3537
-4894
-4594
-4767
-4601
-4285
-4578
-2602
-1120
51
-3311
-971
335
-4195
-2820
-3828
-1674
-4889
469
-2815
-4488
-4715
-243
-3794
-2935
-1022
-4328
-4697
-1194
-232
156
-3909
-1413
-175
-965
-4967
-4201
-508
-4828
-4716
-3547
-169
-4924
-4729
-1962
108
469
-179
-3154
-2619
-3381
-3327
-3796
-3757
-2607
-2101
-164
339
-2375
-1156
-2868
-354
-1999
-3139
-963
-3805
-3711
-2185
-692
-2808
-4717
-2172
-4966
-3464
-3456
-4
-752
-313
-665
-3771
-4864
-3027
325
183
-3090
-180
-353
-4452
260
-1221
-2519
-1085
-2492
-741
-196
-616
-3117
-2969
-1344
-2235
-898
-4537
326
-701
-433
-1757
-4307
-2001
357
-2953
-2094
-3198
-896
-2298
-1057
-3616
-237
-2469
-369
-4724
-3718
-806
-4790
-3421
-3168
-1810
395
-4069
-149
-3971
-2594
128
-1356
-3711
67
-3167
-227
-238
-988
-2806
-3130
-1167
-2588
-513
-8
379
-2991
-4182
-340
-3844
-802
-2972
-4109
-4998
-4319
-202
-2550
-2851
-4601
483
-2398
-3845
-3819
-1625
329
-114
-64
-404
-2586
-600
-2909
-237
-1005
-2183
-1166
-245
-3570
-179
-3927
270
-3719
-178
-265
28
53
-4387
-2089
-380
-2447
-3125
152
-302
-1551
-2757
-3335
-1079
-4675
-4965
-1233
-2260
-2076
-1380
362
-4706
-1741
299
-2693
-642
-2787
-502
-2482
-900
-1006
-231
-1834
462
-1807
-970
-4571
-1877
343
-1243
-2926
-2600
-1177
-2560
-3410
-2407
-2190
440
-3668
-2436
-3322
-3962
-4216
-3185
-4349
-4378
-2337
-1846
-3524
-2906
-4272
-2241
127
-3605
-4586
-1596
-412
60
-4453
-1892
-2767
-580
-1632
-1834
-2827
-3274
-4586
-861
-1090
-901
-3968
-2982
-2466
-3039
-4634
-1445
-999
114
-973
-393
-6
-2225
-1014
-2321
-3342
-2715
-4017
-2297
359
-3246
-2561
-2126
-2202
-2025
-4029
-2287
-4795
91
-4419
-1711
-1697
235
-2604
-1076
-2695
-2344
-3026
-57
-925
-2808
0
-1499
-1746
-4479
-3306
-3858
-459
-1814
-366
-2949
-3032
-4959
-117
-4947
-2112
-713
-1731
-2151
-4941
-3888
-28
-285
499
-1603
-711
-2668
-684
-818
-358
-3360
-13
410
-4217
-940
-599
-944
-2597
-1617
-3366
-233
-676
-3668
-62
-3893
250
-3422
-3697
-3345
-2434
212
-4993
-1620
152
-3256
180
-3028
-4429
-494
-3853
-4825
-1214
-4248
-2548
-4729
-4873
-3721
94
18
-2858
-3295
-3619
-3125
-4409
-4103
-1898
-659
-4725
-6
-3427
-872
-2781
-2327
-728
-4889
-302
-731
-1266
-2083
-3444
-3574
-625
-207
-2734
-3007
-334
-3503
-4055
-368
-238
-1230
-1650
-2911
-1083
-1146
-4690
-2512
-1097
125
-1334
-3108
-2055
-3844
-2372
422
-31
-2285
-4227
-3415
450
-174
-4988
-2249
-2570
-4446
-3056
-3244
-3378
-2433
-4988
269
-4360
-4436
-2487
-3509
214
-392
-4568
-2362
-2002
-4621
-2099
-4055
-3882
-2353
-3259
-469
-1604
-939
-3756
-2458
-3468
-2877
226
-3200
-4024
-4851
-102
-4289
-3817
-4780
-1959
-4183
-1671
-1575
-2747
-4468
-1690
127
-2268
-424
-1449
-3800
-436
-1596
-4742
-1648
-19
-3453
437
-3268
-1024
-2970
-630
-2566
-840
-2155
371
-2081
-2817
-2893
-4562
-1358
-3269
-119
-75
-3644
-4257
-2464
-2285
-4603
300
-36
-1110
-2468
-2410
-621
-747
-2364
-3128
-1493
-4132
-612
-4717
-4655
-4143
-3844
131
-3972
-2042
-3920
-233
-2545
-4383
-1419
-2047
122
-1005
172
299
-2567
-1712
-4211
-3742
-1373
281
-1303
-2413
-4920
-164
-337
39
-631
-1571
25
-2455
-215
-1285
-3112
-4923
-3573
320
-193
-962
-4380
-1135
-120
-847
-4363
323
-1085
-3747
-3995
-3819
-149
482
-4711
-3665
-893
-4752
-4779
-161
-3815
-618
-2336
-3069
-2330
-2681
-1406
-614
-527
-3521
-4384
-193
378
-4350
-1322
-4432
-4986
-2044
-1337
-2857
-1405
-4856
-4411
-2292
-2832
-4897
-1291
-1776
41
-151
-2260
-3951
-4834
-35
-2353
-1817
-1396
-2484
-4727
-1952
-1475
-133
-1783
-693
-116
-3563
-3664
-2948
-4488
-2109
-658
-3218
-913
-216
-2723
-625
-676
-1482
-14
-3678
-1813
-3421
-4374
391
-3885
-2234
-2973
-1172
-2885
-4502
-1548
283
-722
-4986
-3920
-4690
-242
-4626
-1874
-435
-2529
-3383
-4220
-2881
-2647
-3933
-2287
-4888
-3
-2625
-680
-533
-4179
-450
-4979
-1266
-4824
-1428
-1012
-2406
-1832
170
-111
-3334
-3819
-168
-1968
-422
-4740
-1889
-2665
-2202
324
-3230
33
-633
-2579
60
-1140
-3070
-2889
-600
-3133
-4481
-1455
-850
-2703
-69
-1296
-4184
-164
-2406
-402
-3328
-4728
-1251
-4335
-4183
-4446
-4077
-38
-1088
478
-3922
-1061
-3032
-3505
-2658
-4499
-1929
-4060
-2377
-1687
-2042
229
-4500
-4917
-4459
-1539
-1931
-652
-3183
-1689
-4549
-2736
-1528
-1909
-2740
-2072
-1808
-2927
-3872
-1126
-1925
-2280
-4729
-4065
-3095
-1558
-3458
-2801
-4716
387
-4658
305
-926
-2708
-826
-694
-476
-3418
-4165
-263
-4158
-2355
-4681
-3085
331
-854
-2277
-2673
495
-4626
-4623
-835
5
-3536
-2170
-3775
-4662
-4292
-4744
-2723
-3372
-1038
-991
-4273
-1295
-3951
-3818
-4752
-2501
-3246
-784
-16
-1182
-3559
-635
-478
-2150
-1817
-1910
-1069
-1728
-1572
-4963
-3492
-4281
-126
-1765
-1031
-4516
-1896
-1788
-1463
475
-3592
-4461
-4543
-1259
-1264
-2505
-3324
-3915
-2125
-2151
-3593
-769
-3828
-698
-941
-3309
-2390
-4714
-4058
-789
-4385
-2095
-3801
-4948
-4978
-1485
-2222
-22
-2916
-284
-4621
-468
-3477
-918
-2588
-3479
117
-2169
-458
55
-1111
-3212
478
202
-728
-3185
-1517
-4615
-360
-2278
-948
-3745
-4379
-4955
-585
-4878
-3732
-4212
-3892
-1662
360
-3856
-281
-3767
-2470
-2081
-263
-1681
-2420
-1014
-551
-349
-1185
-3796
-4955
270
-1019
-3921
-1229
-4643
-3654
-4883
-4815
-2096
-52
-2267
-3231
292
174
-511
-813
-4815
-852
-3108
-3813
-1405
-1076
-1062
-2987
-4670
-4927
-1379
-3944
-3392
-1756
-3065
-3948
-1546
-14
-3879
-4731
-1411
404
184
-4319
-1991
-3278
-523
-4086
-1697
329
214
-4328
-266
-1350
213
-3993
-3764
-1590
-1347
56
-4452
-891
-3441
-1003
-469
-3969
-2327
-810
-4587
-2204
447
-2322
-3398
-1297
-1994
-1410
-4434
-3149
-1371
-4199
-4496
-2246
-155
-2631
-1457
-2704
-4429
-1788
-2331
-76
-4760
-1778
-2287
-1386
-869
-4903
-4345
-3690
-3057
-1085
-572
-1322
-1306
-4594
-2512
-1661
-2938
406
-4629
-3430
-3944
-2884
-2413
-2394
-2792
-4157
-4461
-1561
-2079
-2715
-921
-957
-3061
66
-1955
-4171
-2855
-976
-2748
-2901
-267
-1020
-1478
-4655
-162
-3084
-3234
164
-785
-4752
294
-3563
-3130
-1320
-3615
-3192
-4899
-173
-17
271
-2322
-222
-198
-4114
340
-1210
-2928
-4089
-4700
-3457
-1072
-3925
-2238
-2160
145
-2045
-4661
-1728
-3257
-3257
-4268
-2083
-3718
-3715
-4068
-3838
22
-952
-1273
-2616
-3321
-4746
-243
-2753
-3544
-3800
-3770
-839
-4738
-4222
-261
-2701
-2472
-1644
-3926
-1126
-2100
-2210
-3869
-4394
-1828
-1438
-2480
-2987
-2521
-4078
149
-608
-1185
-422
415
-3553
15
-2672
-3521
-4127
131
-140
-319
-459
-4225
122
-1677
322
-621
-181
-789
-4998
-3811
-286
-4899
-3861
-1266
-3441
-1076
-4195
-3603
257
-3595
-4487
-1823
-3984
-4230
271
-312
-1676
-4848
-2162
-2814
-2689
-4645
-1588
-2333
-2472
-3682
-2226
-3470
-3012
-1246
-2156
-1991
-4228
-306
-2047
-3388
-1735
-628
-3891
-566
-4653
-3155
-2884
-3136
-2084
-3854
284
-4134
-1483
-4787
-160
-3876
288
-2417
-4514
-3993
-27
-1923
-2580
-3966
-639
-1982
-1089
-4700
-3029
-1575
-569
-1201
-2659
-3775
-652
-3533
-319
-1350
-2097
-4176
-2095
-4641
-2700
-668
-2681
-2833
-4312
-1064
-4121
-1297
-1244
-1071
-108
208
-1704
-2710
264
-1845
-548
-991
-549
-1274
-2908
-3436
-841
-3377
-2067
-676
-4492
-4496
-1255
-1158
-3302
71
-4111
-2318
-4802
-4632
-1583
-4005
-4886
-3754
-1000
-2105
-2805
296
-1066
-3351
-4231
-691
-1706
-2102
-2741
-911
-4486
-536
-1701
-1485
-1761
163
-1651
-3243
-4636
364
-4941
-1245
-3974
-1329
-1152
-3411
-965
-4419
-4085
-635
-1394
-2246
-1457
-3797
-1875
-2190
-784
-3141
-4891
-4400
-2548
-1894
-690
-2193
-1417
-1055
-4799
-3842
-2150
-1238
-3911
-944
-4932
-2716
-4828
-4473
-3744
-861
-3383
-2604
-138
-4876
-4591
-1211
-620
-1331
-3597
-3553
-4391
-2927
-602
-595
-1248
-2798
-899
-1929
-3823
-2407
-1518
-4393
-2040
-4781
-4727
-4538
-140
-1502
-2267
-4288
-4832
-1654
-1324
-1752
-1283
-1241
-4244
-1869
-4087
321
-1509
-1469
-2790
86
-395
-877
-1330
227
-2808
-2487
-1108
-1659
-752
-1207
-1457
-2782
-4337
2
-3150
-3224
-1025
-1339
-3205
-4273
-3190
-2304
-1646
-4271
-98
-3603
-4724
-2380
-2352
68
-4952
-1068
-336
-1888
-991
-2350
-3043
-1305
-85
-4000
30
-968
-3329
-1914
-1474
-2647
-342
-4369
-29
-3395
-3385
-2040
-1220
-1425
-3964
-1524
-3520
-4951
-2199
-4784
-2314
-662
453
-771
-2575
-2928
-2142
88
-2785
-3652
-2147
-1845
-3281
-439
-2419
488
-4497
-3042
-4244
-892
-1773
-1271
-3173
-2902
-4255
-4607
-1241
-4263
-3499
-1614
-11
-1928
-3313
-4173
-3762
-3382
-49
-3053
-2249
-3501
-2070
-2542
-1198
-2342
-1758
-468
-1630
-4016
-2790
-4225
-692
-3378
-3993
-3995
-2988
-1994
-3245
-470
98
-3927
-4872
247
-3837
-891
-3396
-1720
-2383
-2658
-1713
-2595
-3575
300
-4503
-3459
-3799
-4321
-3264
-443
-4536
-92
-695
446
-2746
363
-3237
-1417
-3588
-3405
-1996
-526
-3593
-3804
-863
-3380
-4042
-807
-1521
-2825
194
-3848
-2408
-3112
-2922
-3951
-1978
-1134
-1931
-698
-847
-2633
243
-1667
-2993
-3842
-1202
-4541
-1039
-582
-3016
-941
-4844
-1087
-1903
-2138
-1358
64
-2709
-3978
-3476
-1562
-4708
-3162
-3856
-829
-3462
-3571
-1763
-1543
-1818
-1637
-4377
-517
-3736
-3039
-1413
-3036
-3948
-2307
-377
52
-2386
-1352
-2386
-3508
-1751
-2207
-1192
-3104
-1128
-1651
-2014
-3387
-4628
246
-3140
488
-3196
-4449
-383
-4136
-3698
-4487
-4775
-826
-1479
251
-2099
204
-1586
-3732
-1595
472
-4470
-3119
-1923
-274
-2545
-4509
-1388
-3400
-890
-3742
-3306
250
-1038
-2540
-2773
-4386
-2411
-3361
-383
-4623
-1057
-3917
-4389
-76
-2568
-333
-1867
267
-1423
422
-1118
-4408
-3894
-4217
-2966
-794
-866
275
-4885
-1820
-4628
-2396
-3763
-3730
-3528
-3485
-1069
389
-2745
7
-3164
-528
-3030
-3174
-2832
-4350
105
-662
-3418
-4721
-3736
-3462
-2852
-1648
-2115
-990
-1388
-1502
-3914
-1795
-1989
-949
-2695
-2528
163
-2410
-3124
-4680
-4077
-3091
-1464
-4
-2440
-1035
-1505
-2044
-2139
-16
53
-2540
-1243
91
-607
-2670
-4786
-4562
-77
388
-1460
-3192
-1758
-692
-3448
-1706
401
-1554
-3780
-1171
-509
-244
-3063
-3392
-885
-1691
-274
-4210
-2706
-965
347
-4245
-437
-221
-4952
-2551
444
-4318
-1585
-513
-3799
-2473
-1443
-1971
-4460
491
-1698
243
-163
-2998
-3550
-3656
-1558
-532
-1331
-3467
-4979
-2005
-2217
-732
492
-2004
-2754
-779
-1989
-1043
-595
-1704
-2995
-3459
-2953
-26
-654
-1717
-2943
-952
-2476
-4847
-536
-2623
-2647
-1939
-1745
-2000
-4819
-1359
-2644
-3619
-3939
-2284
-4317
-1534
-2818
-2501
-2712
-1657
-1267
-4066
-1240
-4946
-451
299
-4486
-302
-280
-1164
-2961
-3112
-368
-3453
-4539
-1261
-4923
-4363
-4262
-2137
-3586
-3964
-1183
-4504
-2052
-1958
-479
-3512
-677
-1509
-3750
-3464
-4965
-2778
312
-2108
-1239
313
-2743
-1444
-1651
395
202
-164
-2029
-4841
-4290
425
-3542
17
-2218
-343
-714
-3615
-4055
-533
-114
-3385
-2900
-4118
-2019
-1439
-4868
-2217
-4838
-1256
-3985
-4363
-2478
-1066
-2881
395
-2427
-2200
-2590
-1843
-3234
-4647
-487
-1222
-30
-299
-275
-1191
-2461
-4849
-2725
-216
-3084
-3772
-3345
-1281
-811
-3743
-3056
-473
-428
-2202
-739
-3432
-4348
-57
-4268
-4815
-1972
-4142
-2668
-1061
-4196
-587
-4009
-38
225
153
-844
-1318
-1643
-1314
-2768
-1820
-4057
-2063
-1819
-2919
-833
-851
-3735
-374
-361
-1588
-3638
-92
-3830
-3103
-3721
-4342
-472
-3406
-803
-3538
-705
-280
389
-3072
-3229
-1877
-3248
-1974
-1908
-1360
2
131
-4970
345
-4456
-649
288
-2631
-2187
-2582
-2513
-4166
315
-3095
-4232
-2363
-149
-3643
365
-4506
-3024
-1911
-2297
-1691
-1616
-28
-1392
-2241
52
-4758
253
-2769
-4485
-4442
-3442
-4252
-3198
-4934
-4828
-562
-1505
-1741
-3105
-4372
-2767
-880
-2972
-1637
-4211
-1626
-4181
-3587
-4834
-2265
40
295
-2031
-2340
-2539
-3906
-3535
-4819
-4188
-822
-4030
-3998
324
-4749
-4179
-3198
-3528
-450
-1179
-2538
-4023
-3223
-474
-1033
-4441
-4366
-3127
-2005
-3106
-442
-3921
-1572
-916
-1430
-2324
-4569
-1890
-4372
-2783
-2611
-4723
-521
-1628
-262
-2591
-1482
-1823
-4223
-2501
-1226
-4608
-4593
-3657
-4281
-2696
-2147
-4842
253
-1062
-521
-4321
58
-4080
-1999
-1207
-2491
-3609
-2872
-4124
-1907
-2064
392
-4750
-4594
-3764
-4889
265
-1349
-4794
-1759
-2135
-4083
115
-3876
-1068
-4094
-493
-3539
-2004
-4439
-2192
-511
-2776
-2644
-3406
-3135
-4005
-2765
-96
-2055
-531
-4717
-1331
367
485
-3500
-1558
-166
-4723
-1993
-1014
-1978
-1645
-1790
-2392
-2362
-1908
61
-2892
-4540
-186
-2603
-122
-113
-69
-401
-373
-1484
441
-3438
-2003
-2627
195
-2089
-2482
-21
-2113
-2153
-1537
-3379
-4001
-3267
-3008
70
-3156
-295
-3612
-3369
-3796
-4683
158
-3081
-4108
-4702
-706
-1600
-209
-3783
-4713
-1798
-2669
-803
-1555
-3986
-3353
-1552
-1689
-1968
-3428
-4710
-87
-3598
-4279
-2613
-20
-2227
-1990
-2220
-4296
-1333
-3903
-3922
157
37
-474
335
-4868
-952
268
-76
-275
-4781
103
-1091
-3112
34
-1995
-4067
208
-1463
252
195
-2290
-1662
-3637
-3208
-2151
-1407
398
-579
-2128
-3253
-4466
-473
-431
-4089
-122
-456
206
-2363
-2297
-2110
-3168
-2654
-2361
-4788
-414
-4988
-4863
-107
-1817
-3457
-4210
-2164
-4624
-4324
-3388
-292
-1800
-930
-3235
-461
-1183
-2496
-1260
-923
-3247
-1181
-280
-1638
-4163
91
-378
396
-4502
-4815
84
-4687
-4023
-2171
-3864
-3352
-4827
-5000
-1568
-1416
-613
-1951
-3083
-2135
-3031
-2889
-4962
-661
-1859
-1534
-137
236
315
-4942
-4610
-1828
32
447
-1524
-960
-4678
-2065
-343
-84
-370
-826
-1516
-1115
-2756
-2927
-1451
-3861
-2887
-4592
-1965
-1433
-4165
-1675
-2121
-4528
457
-1300
-3193
-2475
-2779
279
-4448
-451
-4652
-4137
8
-1965
-4144
-2819
-4514
-4339
-2412
-11
-390
-2776
-2292
-303
-2942
-1886
-4845
-2804
-3150
-4291
284
-1137
-1205
-1784
-3406
-3466
-1764
-2666
-2005
415
-993
120
-4393
-4559
-2835
362
-2933
-1002
-389
-4929
-119
-4414
-2046
-3645
-2208
-4538
-4979
-4950
-175
-803
-4693
-3875
-194
-1874
-45
-2194
-3179
-1640
-971
-1980
-3028
-4111
-3761
-244
-3343
-1560
-1055
-4221
-1993
373
-3239
-456
-3034
-3832
-2346
-2281
208
-1357
325
-2641
-663
-1819
-3171
-4744
-4410
-671
-1391
-4547
-1301
-68
-4901
-1483
165
-1099
-1649
-3162
-1738
-4592
-2111
-2555
-2844
-3635
-2768
-1534
-1063
-3297
-2100
-3076
-4511
-1701
-1649
-3378
-2535
-2320
-1928
-1692
-2770
54
-2406
-1409
-3815
-4628
-762
-1400
-194
-4840
-1572
-4192
-3858
-4758
-2634
-2991
-4779
-4960
137
-615
-1934
-68
-3876
-3648
-3029
-3439
-3375
-1147
-4333
-1280
-4660
32
-1418
-2196
-4871
-1173
479
-4405
-3496
78
-1976
-1075
131
92
-2265
250
-3393
-3529
-4839
-1394
-4378
4
-2809
206
-4895
-627
-2628
-4066
-845
-635
-2783
-3112
-1655
-2181
294
-4356
-3921
-3285
-4570
-1878
-3326
-4281
-1788
-714
-4462
-2597
-3723
-248
342
-524
-672
-3808
-386
-2113
-3272
-3709
-953
-3283
-3928
-1253
-4797
-3679
-4351
287
-677
-1923
-203
-768
-2562
-3953
-4663
-171
-1829
-3762
-3002
-4030
-1013
-1348
-4631
-336
-1018
-2258
86
-2088
-985
-1895
-3633
-3798
-2849
-3441
-844
48
-2117
-3930
-3644
-2964
-4642
-1429
-2308
-3492
-3077
-3237
-3263
-2405
-2868
-673
445
-2222
372
-3469
-2825
-240
-1570
-464
-4870
-3417
-862
-4854
-839
-467
-2241
-1242
-3614
-2549
218
-3005
-2025
-3940
-1194
-4282
-1094
-2356
-993
491
-4688
-2101
-1012
-967
-747
-50
-3991
-3350
-4880
-974
-3798
-840
-3856
-4779
-4604
-1279
95
241
346
-1294
-2600
488
-3361
321
-4511
-1312
-4754
394
-4888
-2242
-1214
-4710
-4496
-3274
-4652
-3346
-3500
-753
-127
-3958
-2083
-831
-265
-645
-4899
-2413
100
-4182
-2548
245
-1010
229
-928
-3911
-4616
278
-635
-2543
-2255
381
-2895
-3994
-1974
-1983
-4704
-348
-729
-4140
-3805
-385
-2012
-4674
-4954
-3642
-3914
-1630
-844
-3677
-3256
-1529
-2391
-3911
-4841
-306
-1409
-644
-1092
-1496
-176
-3209
-3286
490
-4950
-3792
-1168
-1588
-427
-1067
-2073
-965
-867
-3445
-1570
-4049
-1257
-3363
-1452
-3752
-3121
-4967
-1060
-3012
-2383
-3611
-392
-491
-706
-4290
-1494
-1946
-105
-499
-2124
-1846
-1342
-3090
-3458
-4465
-4276
-666
430
-2739
-1353
-4107
-560
-2102
-4794
-2294
-3619
-3162
-1326
134
-2450
-511
-4346
-2683
-4137
-505
-4489
-3659
-3867
-4515
-1644
-876
-22
-2871
-2792
-4778
-614
205
-2831
-2054
-340
-2393
-2681
-2222
-531
-1554
37
-1965
-382
240
-3491
-3796
-3669
-2412
-3326
214
494
-570
-2056
-2463
-3916
-3166
-4983
-3465
-2250
-3711
-1602
5
66
-4598
-4345
-4478
-777
-354
-1591
-383
-1938
-4507
-2247
328
-3566
-4301
-198
-2828
-2798
-1094
-1647
-16
-3399
-468
-116
-4618
-4489
119
-464
-440
-1802
114
-4797
-1546
-3128
-1957
-3872
-1464
-4455
-4081
-1694
-3876
-2903
-3583
-1134
-431
-3983
431
-1521
-3595
-1523
-1117
-2339
266
-1293
-4338
-4996
-876
-3674
-1496
-2918
-1408
-698
-666
-4636
321
-3810
-1731
-283
-782
-2879
375
-4589
225
174
-1984
-3270
-1018
-4631
-884
-3373
-1064
-2521
-4875
-1002
-4499
117
-2229
-3822
379
-876
297
-3851
-3371
-1987
-681
-2684
-4828
-1020
-995
-3683
-4619
-1101
-3946
-595
-1502
475
366
-4738
-1535
-3593
-3324
-1380
-2587
-2904
-4722
-397
-1791
-4007
-4087
-1535
-1591
-4232
-4377
-2940
-3761
-801
-1396
-2465
-2476
368
-3910
-1697
-4537
-1856
-4924
-1862
-4705
-1072
-4885
-520
-2310
-3053
-3883
-2834
-4262
-2164
-967
-1051
-501
-3060
-3033
-1300
-1714
-439
-4352
-235
-4360
-3272
-1981
-4425
-50
-626
-1380
-4193
-4237
-1453
-3758
-4473
-1571
-322
-3297
-4645
-4440
-2619
-3480
-1686
-4009
-2940
-766
-1172
240
-3932
329
-54
-4452
-4508
-3749
-3297
-3531
-3448
-4662
-3100
-1927
151
-1621
-3665
388
-2596
-1450
-4716
468
-3726
-4311
-3398
-4116
272
-2526
-992
-2883
-629
-2332
-2723
-1750
91
-4671
-4618
-611
-3862
-3001
-1556
-1893
-4974
-2196
-2316
-4063
-174
457
-1304
247
-1694
-1614
-224
-2462
-1052
323
310
-2337
-3947
-1523
-3619
-4107
-3620
41
495
-2830
-2480
-4878
-2988
-3228
-1813
-1235
-2640
-3003
-2938
-4587
-4362
-3938
-4182
-427
-4457
-4255
-365
-1492
-1718
-927
-600
-2006
-4905
-4438
-2751
-2179
-1331
-2867
-4006
-3614
-4708
-3493
-4615
-3720
55
-719
-1758
-1644
-143
-1769
-3643
-4685
-418
-1601
-1407
-4016
-4904
-2924
252
-4007
-79
-2087
-4084
-4491
-961
-3011
-1486
-2024
-3716
-1811
-2777
-3724
-2736
-787
-2761
-2011
-4116
-4551
-1381
-2897
413
-448
-613
-167
-3468
429
-3570
-2239
-4877
-492
-1719
-3424
-4694
-3260
-3277
-584
253
-745
-2793
12
350
-2344
-1194
-937
-690
-1325
-4998
186
-3635
-1115
-2238
-18
-3627
-3199
-3128
-4786
-4521
-3422
-815
-4034
-56
-513
-2581
-1634
-2788
-2502
-4442
-3940
-3791
-2325
-1468
-2797
274
-4416
-2807
-396
-1634
-4348
-4838
-2524
-1103
-2662
-3610
-1651
-1650
-4264
-220
-3098
-3996
-4525
-257
-3313
-624
-890
-1764
-4793
-3528
-366
-2134
-2680
-4177
-4378
-3336
-4280
-2043
-3973
-200
-229
-4353
-3501
-1171
-659
-1035
-3848
-4875
-4893
-3023
-4868
-1588
-2901
-3954
-1779
-1327
-3155
-4799
-4940
-628
144
-3430
-1446
-2722
-4495
-3954
-1136
-2133
-3607
-2549
-1683
-539
-4904
-2528
-2761
-4876
-2526
-4002
-1812
-152
-2409
251
-4592
-3496
-1481
-3955
-1725
-3875
72
-1727
-933
-1248
-4313
-2809
-516
264
-1582
-3130
-1685
-2480
-2369
-4172
-24
-4272
-1456
-3400
-3273
-1873
-2020
-31
-3768
-5000
-3714
67
-4872
-4065
-4046
-4286
-3037
-4157
-4359
-4315
-3106
480
-4606
-1120
-1759
-2054
-17
-4237
-3755
-3099
-206
-4067
-3701
-4407
-302
-1604
-916
-951
-3964
-1396
-1426
-2375
-1552
-3242
-2334
-4532
-2977
-2320
-2747
-2077
-4264
-4436
-2920
394
-2081
-2380
-626
-2603
-4757
-3178
-634
12
-1508
-3282
-1282
-1035
470
-3892
-3104
-3606
-715
13
-269
-1802
-1389
-3177
-2200
-3803
-2979
-771
-4028
-3491
-3528
-1535
176
-1944
-2352
-3574
-2642
-4587
-1305
-4570
259
-2322
-1822
-379
-2120
341
-1444
-4191
-1297
-2667
-4823
-2902
-3938
-4958
-2509
-1986
-965
-3104
-2853
-227
-3192
409
-2731
-889
-2988
-4446
-933
-3189
-2066
-2913
-3403
-4881
-2641
102
-1928
-3028
-2484
-51
-762
-1660
218
-3582
269
-3099
-2115
-858
-2173
-3040
-3988
-1509
-1000
-3164
-1643
339
-1274
-1279
-4592
-2485
-4408
-4437
-3089
-4047
-2663
-4268
-3786
-3674
-3864
-853
405
275
-121
-4138
-4464
-1895
-2702
257
-2363
-4781
-2596
-1083
-3469
-2007
-1329
186
-3371
-3482
-2558
149
-4522
-4024
437
-1079
-709
-491
-797
-456
-946
-3228
-1640
-399
-2648
-3503
-3344
-1679
-671
-2141
-3436
-1251
-4123
129
-121
-4197
-3416
-594
-1366
-988
71
-3143
-994
-402
-1208
-1399
281
-514
-4095
474
-2666
-4313
-503
-35
-4908
-4652
-3089
-4416
-2664
396
-1794
-3550
-1673
-927
-1759
-3256
-4899
-2970
-1870
-2238
-2024
-4049
-532
-3480
-2371
-4005
-4533
-4696
-2997
-4835
-3288
-397
-3029
-1984
-1567
-4039
-1145
-3538
-3265
-2512
-510
-942
-281
-2875
-603
-4119
-3885
-2734
-2850
-1060
-779
-1610
-3268
-2922
-3348
-4813
-100
472
496
-1546
-528
-2260
-2279
-3710
-4461
-790
174
206
-1182
-979
-2402
-4712
-3302
-2631
-1919
-4033
-2160
-2742
-3716
-2588
-2243
-2443
-2115
351
312
-815
-2149
-2404
-3340
-2086
-3622
-1393
-2988
-2052
-2187
-2875
-937
-2182
-3548
-554
208
-751
-760
-3326
-4495
-1536
-3455
152
-386
280
-4624
-2516
-1133
-1857
-3590
-4474
370
-4842
206
328
-4756
-116
251
-4368
-3339
-2717
-3930
-2896
79
379
-4620
-1396
-1770
-279
-2152
-1227
-4649
-2635
-2278
-1052
-935
-4825
-1357
-525
100
-977
-4989
-3913
-2564
-4669
-1177
-115
-4716
-636
-2585
-2512
-4204
-2997
-4706
-2657
-3948
-3969
-3739
-1211
-1629
-1529
-1543
-1852
-4205
-1983
-2859
-784
-3390
-4510
-3181
-230
-3426
-3956
-2077
-1215
-3794
-2083
-2172
-4697
-4541
-3097
-2537
-1833
-1411
-4271
-3736
446
-1875
441
-3707
-4704
-2311
-1677
-3304
-138
-3449
-286
77
-3650
-2078
-123
-4477
-1672
-4857
-1401
356
-3591
-2987
-1706
-2732
-1224
-4513
-1134
-3482
-3652
-4835
109
-21
-2251
-3762
-2250
-1154
108
-3884
-1313
-4795
-2920
-4336
-346
-3810
-2838
-3545
-3633
-4220
-1114
-278
-2294
-1463
-1363
-42
-1958
-4346
-4862
-317
-1278
-2057
-4790
-56
-574
-1580
-3940
-3394
-2176
-3958
-3916
-1838
-2217
-3772
-598
320
-1798
-1952
-2723
-4975
-4244
-2602
-2824
-3629
-1978
-4911
257
-870
-2986
-1824
-2348
-1233
291
-2532
-921
5
-1703
-467
-4455
-2327
-4023
-26
-142
84
61
-1544
-4488
-3110
-4166
-2656
-3917
-2312
-2820
-232
-803
-662
-3735
-1608
-4443
-4316
-3501
152
-221
-2601
-1367
-4209
-4259
-2960
-1783
-1639
-4343
-3563
-1265
-4498
-874
-45
422
-1734
-1462
-2492
-2429
-4120
-3720
-3973
-3008
-3931
-2951
-1556
-4867
-3250
-4952
-1636
-2372
-4619
-3100
495
-58
-3260
106
-668
-2830
-1484
-3331
-4235
-4594
-2811
-749
-2068
-3166
-3096
-939
-2831
-2804
-3906
-3553
-3272
-784
436
-3296
-3597
-4305
-4607
-315
-2562
-431
-210
-1575
-1337
-3555
-3638
-216
-1116
-3533
-2378
-27
-2501
-985
-339
62
-2422
-373
316
-1184
-3837
-4357
-610
-1882
-1419
-2220
-3643
-3882
-1015
79
-1561
-4158
-1878
-4272
-1236
-324
-1391
-1454
-4305
-2680
-3256
-2184
-4127
-3814
-151
-220
-208
-1410
-1166
-1718
-4272
321
125
-4628
-1516
95
-4065
-1413
157
-1761
77
-1903
-2034
-4984
-1393
-1291
-1388
-93
381
-4835
-2261
-4078
-2795
-827
-4735
-874
-3952
-4262
-1373
-1458
-4820
-1565
-2398
-4208
-4182
-4027
-1561
-3998
-2549
155
422
-2079
-120
-1344
-2748
-3463
-4491
-536
-2793
245
-228
-3223
-3782
-562
-902
-1433
-2295
-3414
-3505
-2725
-3050
287
-1059
-2848
-890
-3204
-2747
-1156
-1066
-463
18
-4310
-999
-851
-918
-1387
217
-2063
-2751
-463
-759
-273
-724
-3215
-36
-3372
-3455
-224
-2514
-3756
-1007
-3841
-130
-2664
-4837
-4402
-4361
-485
-1789
-4014
-3224
-2932
-3532
-4406
-4575
136
-266
-965
-1372
-2227
-1394
-3117
-4122
-1711
-4421
-4268
-702
-3910
-285
-1170
-4006
-4335
-3617
-1534
-3618
-3515
-4649
-1537
-2549
-3406
266
-486
-821
-4126
-364
-1519
-1605
-1113
156
-543
-3483
-2404
-655
-854
-83
-2037
-4447
465
288
-2696
-3583
-4335
-22
-3114
-1989
-1499
-4666
-1435
-1536
-4232
-4343
-1239
-3680
-1814
-2278
-1899
294
-838
-963
-3324
479
-357
-282
-296
-200
-1566
-1101
-922
-3332
-4780
-1278
-582
308
-1794
-3119
-2821
-4928
-557
-2363
-1144
-359
-1573
-3039
-483
-3403
-2241
-346
495
-4389
-4156
-4427
-3827
149
-3296
-1656
-2884
-1018
-3787
-743
-1912
-2087
-2140
97
-451
-6
-3498
-2440
-3177
-1649
-4723
-1560
-3557
-1894
-1060
-2375
-4170
284
-1034
-4745
261
-1369
-1408
-3308
206
-137
-2869
-1438
-1378
-3495
-1343
-1941
-3366
-4398
-2601
-4748
-1565
-2087
-720
-3724
-3643
-3491
-2867
-1499
-1651
-3496
-2263
344
376
-4465
-4487
-569
-1371
-4577
-198
-892
-3659
179
-3575
39
-2161
-1644
-2497
-280
-3171
459
-2796
-3646
-4142
-942
-3400
-192
-456
-3826
-4401
-2618
-3959
-672
-1010
-903
-4606
-3793
-527
-2344
-811
-3195
450
-3608
-3333
-2311
75
-4284
-3524
-2802
491
-2288
-2030
-587
-960
-2571
-1014
68
-2396
-428
-2128
228
-4527
-1828
-2308
-2840
-648
-2798
-3981
-3958
-3870
-84
-4301
-1125
-4543
-4469
-3147
194
-3245
-4442
-515
-822
236
-4262
-2604
-4729
-1941
-1258
-1811
-3238
-1321
-2520
-919
-12
-3037
-1564
-3496
-362
-4388
-2402
-2908
-1763
-1274
-448
-642
-3640
-1227
-3782
-210
-2560
-1300
-4635
-2372
-162
198
-2886
-4254
-4060
123
-2805
-4921
192
-3371
-340
-3828
-2923
-1655
-2687
-1872
-2523
-4220
-3225
-283
-596
-4399
-3502
-518
-2705
-1866
-4580
-3564
-2289
-2722
-1952
-2251
-2364
-3224
-4797
-507
-441
197
-379
-271
-4170
-117
140
-2180
446
-2020
-399
202
-463
-934
-1124
-2004
-3985
-1072
-2045
150
-2625
-4110
-3081
-2573
-2558
-3204
-3003
-3794
-628
269
-2264
-4892
-4557
-3150
-290
-1022
-2522
45
-1019
-4960
-3431
-607
-4309
-2768
-500
-2895
-3474
-379
-2024
-4105
-2058
-3680
-3624
-4909
-1685
235
-4865
-878
-2084
-570
-2549
-15
-4621
-652
-2825
-2918
-2786
26
-826
-2572
-732
-4604
-2490
-386
-1581
-2939
106
-975
-3021
-3231
-633
-2942
150
-2571
-4035
190
-2502
-3047
-3827
-634
-3332
-4582
-646
-3571
-4224
-4404
34
-3748
-1835
-387
-1216
-2142
-2353
-2092
430
-4862
-533
22
-2893
-4931
-1505
-2941
-4445
-1933
-3797
-4772
-3951
-1808
-2907
-327
-1461
-3726
-1490
-1501
-3499
-1502
-1386
-4845
-781
-209
-496
-2573
-956
-450
282
-1124
-1512
-2267
-4571
-4334
-2716
-1169
-4013
231
-2906
-932
-3049
-4086
-538
-1913
-4333
-2037
-825
-4240
-2779
-1350
-3400
-982
-2887
-4746
-4042
-3910
-982
-1440
-3573
-1149
-1864
71
-1219
-2204
-2272
-2064
-721
-3630
-2272
-1286
-737
-2094
-1998
-3095
-3077
-1430
-2690
-3491
-4458
-645
130
-4703
-4344
50
477
-4647
-556
-1064
-2205
-4830
-537
-4556
-468
-622
-4743
-299
-1636
-2427
-2405
-4717
-1617
-2738
-3932
-1228
-1299
-3681
-4603
-3852
-3627
-2003
478
-2018
-3612
-1557
-2276
-1562
-2834
-3913
-406
-4748
-4226
-2001
-4659
-4104
-3806
-3344
-1481
-4713
-69
-2762
-1258
-911
-4971
-3817
400
-4228
-892
-1056
-4770
-3153
-4182
-3317
-4218
-1743
-3047
497
-3269
-4602
76
131
-213
-819
-3633
-3666
-2785
-3636
-3153
-4275
-3659
-181
-1731
-816
-3038
-1157
-2969
-1534
-3290
-3515
-2400
-3050
-4004
-1882
254
-190
-523
-261
-3222
-1801
-2236
-4015
-1621
-4213
434
-3838
-2355
-2733
-2997
-2988
-4188
-766
-2664
-3936
-2788
-4574
-3508
-137
477
-3955
-3305
-3909
-572
-2439
-3646
-1315
-716
-3454
-4420
-324
164
-2635
243
-3665
-3597
-1977
-39
-1742
-1803
179
-404
110
-3409
-928
-811
119
-4472
-3713
-4767
-3561
-4161
429
-1644
-1709
-4037
-695
-649
-1103
-63
-722
-1090
-1857
312
-4260
-274
-3211
-2044
-2055
-299
-607
-4155
400
-1988
-858
-1048
-4631
-102
-1617
-2179
-4075
-1220
-1289
-4554
-125
-4433
-4090
-88
-1549
-90
-4830
-2715
-3559
-2683
-541
-953
-683
-4596
-2913
-1157
466
-3147
-2671
-2245
-846
-4011
462
-3973
-131
378
16
-2307
-149
-3817
-3847
-3026
-4927
-2723
-958
-4841
-1807
-1037
-4851
-4202
454
-3907
310
-4227
40
-4199
-2436
-1199
-1562
-2876
-4485
-4850
-202
-543
-1528
-1419
-3217
-4538
181
-3458
-3074
-4222
-3687
-4317
-4841
-484
-4785
-3788
-482
-2614
194
-292
-1752
-4693
-2869
-674
-980
-2130
-1244
-1656
-2517
-2163
-120
360
381
-161
-3045
-1108
-4991
-4499
-533
-4242
-4197
-2530
-1436
-1876
-4414
-4840
-941
251
-4918
-2029
249
-2401
-1665
-3879
-4387
-1944
-3846
-3538
399
-883
-2452
-3552
-780
-1167
-1973
-4482
-3890
-2864
260
-4271
-4452
-4287
-261
-650
-1671
-3484
-2038
-529
-2741
-4846
46
-1176
-2292
-4651
-634
94
-4333
-2523
-2998
-2803
-3321
187
-2755
-3283
-1883
-2510
-2763
-4210
-1759
-3228
398
-4938
-3324
-4862
-277
-4149
-751
124
-4927
-644
-2333
-2794
344
-4205
-1395
-4178
-775
-1564
-1751
-2597
-2806
-4355
-945
-1104
-1378
-4473
-4810
-4398
-612
-4281
264
-1595
-2735
-247
-2248
-2157
-3388
-2394
46
318
-509
-24
-1394
-1005
-2214
-184
-3205
-618
-980
-257
-4540
-2004
-4707
-1943
-4225
-1591
-3022
-974
-3457
-1854
-3956
-3218
-1656
-687
-1964
-1589
22
-2978
-3768
-4293
-4257
-3358
-4577
-2106
-963
-3629
-3566
-1723
-784
-2240
-1883
-4804
-265
240
-1280
-3177
-787
-565
348
-4813
-3433
-2586
-3977
-4928
-156
-3916
-95
-4018
-875
-3548
68
452
-1134
-802
-4844
-953
-3784
-3561
-4565
-1663
-4727
-3752
357
-4432
-1320
198
-909
65
-4287
-1473
-2360
-4913
-4415
-1623
-262
-4386
-3920
-1545
-3076
-1418
16
-3754
-3207
-1841
-1974
-3033
-3863
-2019
-88
-4717
-4791
-4231
-1325
-4182
-4056
-4172
-4073
-4013
-3768
-2279
-989
-3398
-175
-2772
-4950
-1217
-4412
-3064
-2796
-3262
-3065
-758
-2893
-426
-4491
-4032
-4602
-208
-1017
-1888
-4278
-2150
-3035
-2488
-3662
-4556
-532
-4848
-2393
-3489
470
-3819
-225
-3845
296
230
-2772
-4079
-801
-4859
187
243
-3497
134
-4058
-1177
-74
-2776
-3489
-4503
-968
-4206
-2460
-4209
-156
-3393
-4395
-1569
-1821
-4957
-2201
-3888
-2932
-2749
-4159
165
157
279
6
-2058
-3557
-2702
-809
-3923
-547
-1582
-941
270
-3032
-4227
-728
-3523
-3
-4876
-1423
-1659
200
-311
-214
-3612
-2126
-453
-3664
-4696
-2111
-4283
254
-1750
-4435
-4880
-2244
-3534
-850
-3078
-845
-4144
-143
-4426
-895
-1348
-1683
-62
-927
-2711
-585
-3306
-227
-732
-570
-1757
-65
-3290
-4680
128
-1138
-4608
-1196
-1154
-4206
-2606
-4763
205
-2904
-708
-4976
-1110
-1076
-3019
-4259
-571
-1906
-1681
-2830
-3028
326
-3443
-3449
-3997
-2306
-3499
-1502
-4834
-228
-3220
-3825
-1545
-2200
-753
-2615
333
-1123
-740
-4504
-111
-3892
-1523
-873
-746
-1521
-2847
-1091
366
-2881
-2011
-2282
-3288
-3770
-736
365
-1423
-3005
-785
-3975
-4082
-2005
-3372
-2690
-2258
-3869
-2407
-2743
-2017
-201
-2364
-2280
-3347
-418
-776
-1619
-794
-2313
107
77
-2962
-305
-19
-2256
-1717
-2295
-4239
-1849
95
-4393
-1476
-4288
-1538
-3439
-740
-3483
-4201
-4211
-4352
153
-480
-4656
-3543
-1828
350
-2684
-1236
-3551
-1823
-513
-4908
-413
-3970
-4191
-4791
-4892
-4563
-3180
-1329
-3002
-2136
-2373
-992
478
-3052
-3271
-4265
-2043
142
-2526
-1700
329
-778
-3704
-3188
-524
-3751
-2542
-2754
-3007
-4813
-4591
-4908
-3698
-1903
-4011
315
-1278
-1773
-2043
-993
-1883
-3355
-1863
-416
-932
-2089
-4788
-3801
-3376
-1941
-3302
-686
-233
-381
-4033
-4012
-1461
-4939
-1398
-4796
-3180
-4834
280
-3432
-4833
108
-3482
374
-2935
389
-1428
-125
-2837
-981
-2961
-2979
395
-2691
-4926
-49
-4239
-2369
-4751
-1930
-2190
-2253
327
-1620
-1841
-427
-1239
78
52
-1781
-3843
-2470
-4181
-4118
-3159
-1474
-628
-3184
-2693
-2139
-4892
-2382
-552
199
-591
-4282
-3534
-4014
-4020
-3711
-4136
-2820
-2468
-1635
-879
-635
-448
204
-4928
-873
-3525
-2610
-2419
-1987
-4506
-1208
-3896
-3422
-255
-156
-2272
-3764
-2526
-3061
-4122
-2292
-4194
-3896
-1528
-1981
-3224
-4847
-2373
-2055
-450
-4093
-3433
-2385
-4799
109
-3626
-1274
-4205
-3845
-1131
-4508
-4510
-394
-284
-3858
-4017
-364
-295
-2993
-1748
-122
-923
-1896
-1235
-4531
390
-3380
-3175
-3808
-1315
-4624
-2270
-1815
-3458
-64
-3173
-893
-1122
-4135
-212
-1706
-2646
-3494
-2407
-1322
-3465
-3839
42
-2185
-3640
358
-2687
-1051
74
-3577
-1661
-1421
-4885
-4655
-32
331
-3063
-3439
-4270
-1130
-4411
444
-366
-325
-4436
-3204
-2902
111
-1764
254
-2733
-192
-3476
-1821
-296
-923
-2657
-3592
-146
-1245
-3826
-69
-4091
-1601
-2822
-4296
-1984
-2886
-2266
-876
-1565
-1669
-4424
-2656
-3006
-3150
298
36
-3934
-3780
-3745
339
-3049
-4958
-4118
-4970
-506
-1557
-836
356
-4315
-2850
-157
-681
-768
438
-4641
-3116
-4510
248
-4838
-2056
-1615
-756
-4444
-495
-2339
-2491
-2631
-3018
-1728
-230
-2804
-1821
-867
-1340
73
-2687
-3012
-388
-693
-1755
-2059
-3831
-1614
-3893
-1157
-694
-1961
-4078
-76
-1191
-360
-2423
-543
-1359
-418
-856
-3429
-3891
32
-1814
496
-4289
-3941
-673
-4620
230
-1606
-3457
-3821
-4205
-3723
-1808
-2071
-4973
-4585
-3621
-883
-240
-3849
-4845
-79
24
-1801
-594
-4499
-22
-4872
-1408
-1891
-3176
-3870
444
-1334
-3075
-1317
-3267
-2866
-4909
-2886
-3982
-3853
-382
-3074
-1503
30
-2612
-2817
298
-4869
-4875
-4247
-4407
82
-4079
-2270
-4273
-1117
-3637
-3802
-4789
-82
-1510
-4556
-4084
-4803
-3084
-794
-3228
-392
-4151
-1451
-4487
-3186
-724
-2250
-595
-4749
-2071
-3209
-3698
-139
-1903
-4825
360
-240
-2351
413
-2603
-414
-501
-1523
-1783
-46
-4641
-3491
-4740
-4677
-21
-1872
-1148
-2824
-330
-2901
-4950
-3256
-2955
-3957
-1171
-2509
-362
347
-1767
-940
313
-2895
-4610
-2827
422
-4017
-2639
-892
-779
-54
-4275
-3333
122
-4559
-1496
-2207
-2353
-428
-3095
-289
-3464
-2014
-301
-2157
-3280
-2514
-2254
-1915
-1138
-4371
-1533
-2761
-1412
-487
-1603
-2036
-1734
-1029
-1907
-470
-4293
-4219
-261
-3912
-1760
-4755
-1367
-3271
-788
-1632
449
-3593
-4475
-4760
-1526
-1102
-451
-679
-2623
-2013
-3586
-2827
-4312
-2719
-4056
451
-2289
-596
-2158
-2932
-3183
-1672
-2400
-3890
-2833
-4026
-3669
-4679
93
-3550
-4594
-2453
363
-529
-1963
-2055
-673
-2418
-1686
-3956
-2434
-1399
-3435
-1541
-4946
-1973
-4716
-3028
-1036
-1827
-4440
-4365
354
-2670
-2193
-900
-2774
-3974
-509
114
-3247
170
-3615
-4675
-1438
-2089
-2654
-3886
113
-558
-4953
-1998
-1848
-1039
-603
-2677
-3383
-1938
-2673
-3749
-1024
-1917
-1914
-4565
-4023
-1684
-1901
-3990
-4617
-173
-2545
-3620
-334
-654
-2511
-2138
-2212
-780
-1138
-4390
-1289
-4496
-2788
-751
-4573
-342
-2871
-1071
134
-845
-4894
-4127
-3906
-344
-1032
-4226
-745
405
20
-1030
-4155
-1053
-1147
-2045
-1047
-3984
-1268
-28
-1271
383
-2211
-3367
-3884
-1481
-920
-513
-1577
-578
423
-2872
229
-1011
-4039
-2700
82
-4813
-1440
-3495
-327
-3504
-4792
-4468
-1230
-967
169
-3783
-3544
-1409
-661
-3906
-26
-4221
-2983
-3537
-3181
-182
-2243
-4167
-4562
-602
-4678
-3898
-944
-4193
-85
-485
-838
-2517
-2181
-2018
-845
-2224
-4036
-1341
-4440
-1368
-4509
-177
-1302
-410
-918
285
-3529
-3720
-1848
-4433
-4594
-3125
-1236
-2534
-548
-180
-3888
-4661
-69
-2122
-194
-880
-4351
-3727
-2463
-3572
-2930
-3845
-2357
-2791
-2681
-1056
62
-2259
-2146
-1273
-4642
-1582
-2775
-3977
430
-1154
254
-4068
-658
-1856
-3170
-4168
-2046
-4435
-3991
-3737
-4818
-4470
-4658
-2460
-2755
-4281
-4664
-2542
-4504
-3365
-2551
-1165
-1881
287
446
-3950
-1624
-1140
-1187
-166
106
-4175
-2957
-4615
-719
-3195
-1188
-833
-1603
-1213
-3077
-3441
-151
145
-259
187
-880
-576
-2114
-2376
-2337
147
-2326
-1525
-4039
-4126
-1875
-4797
-3233
-571
-2491
-2691
-3850
-2370
-2544
-3652
-1347
-3451
-1667
-1437
432
-3447
-4128
-305
-1668
-2412
-1584
-1759
-2996
-1595
-1866
-1708
-2700
-4993
-1941
-474
-1834
230
-4944
-482
-2702
-3484
-2346
-1655
-4670
323
-894
-1905
201
-1060
-3834
-13
-1351
-2155
-4718
198
18
-706
-379
-4187
-4087
-1080
-1653
-4047
-4569
-2140
-4466
-2444
-4606
-470
-1476
-2474
203
-1188
-1351
388
-4783
-2146
-4300
-1515
-407
-4647
-2634
-552
-3947
-2331
-1071
-2067
-438
-1300
-2737
-1836
-2423
-3772
377
-4445
-1520
239
-4675
-3449
-176
-3256
-486
-4142
-4998
-2200
-3915
-1730
-650
-1634
-3291
454
-4476
-792
-2798
-2622
-4015
-402
-4059
-1665
313
-1212
-4245
-336
-2800
-1792
-4288
-4657
-2241
-1792
-1668
-3933
-2011
-622
-1328
-3862
190
-3855
-4158
-3171
-2701
-2626
-1881
-1504
-831
-3558
-3116
-2829
-3343
-4019
-3589
285
-2338
-4235
-3469
-1522
-3483
-2335
-1316
296
-844
-2657
-2439
-4425
-3216
-1790
-383
-820
-1178
-2601
-1445
-1803
-3217
-3124
-2863
-285
-4853
-1966
-3262
-3367
-1197
-4635
-2867
259
-444
-3827
-2221
-4037
-928
-4575
-3842
3
-1163
-4792
-4445
-3103
-1533
-2505
49
-205
-4903
-3006
-2369
-1072
-1623
-3830
-2453
163
-4015
-3828
-1001
-1356
-3730
-3945
-570
-3229
-1558
41
-406
-53
-1130
-2569
-3267
-4510
-2163
-3007
-1446
-2944
-3413
-4973
-4750
-379
-1152
-1618
-4653
-22
-254
-1182
-4706
-4625
-2878
-4228
-1813
-961
-2195
-3620
-1294
-2545
-226
-3013
-1254
-1076
-3339
-950
-3307
-3873
-585
-3754
-4001
-1362
-449
-1101
-136
-1415
105
-355
-2159
-1260
-3100
-486
-3576
-1183
-2941
-2100
-4430
-521
-287
-3620
-1066
-579
121
-2413
-3880
456
-3307
-2343
-2547
-1815
-2638
-1805
-1740
-326
-4545
-2318
-2839
-4460
-2207
-3514
-1184
-4952
-142
-1111
-1643
-71
-4307
392
-4417
-3816
-1217
-3725
-2929
-1321
-3508
-993
-4103
-1047
-3717
-38
-217
190
-1276
-1585
-2663
-3837
-3424
-1900
-2947
-4162
-2336
-2869
-684
-4378
-2022
-669
-2791
-4954
-3449
-395
-1908
-224
-2411
-3782
-40
491
-1327
-1224
410
-198
-4174
-674
-3371
-3284
-1531
-4989
206
-4137
-163
-16
299
-2903
-1902
-1914
-1462
-2052
-2111
-1286
-2929
-818
-4488
365
-2711
53
-3224
-3077
-4350
-49
-1311
-834
-4393
-1478
-917
89
127
-4265
-3866
-1519
-1340
-115
-2411
-883
-449
-3170
-3599
-563
152
-1665
-2265
-3574
-1148
-1271
-2588
-1313
-670
-2253
-3280
-3468
-546
-4531
-3021
-842
-1532
-1152
-148
-4012
-2570
-3358
-3181
-4714
-1146
-144
-926
-3159
-3211
-1532
54
-4940
-108
-167
-714
414
-1180
43
-2624
162
-4748
-711
-1934
-2004
-1540
-3623
-2954
-4523
-4345
-3212
-3447
-1375
-4435
-3459
-4689
-4088
-4937
-1600
-3266
-1142
210
-1846
-2810
-3382
-2945
491
-2338
-905
-3006
-727
-2395
-3804
-3013
20
-56
-975
-4427
-2571
-1556
-1344
-270
-4935
-1786
-1231
-3613
-4450
-35
-1275
22
210
-4241
-1589
137
-3612
-242
-2364
-2737
-530
-1127
-1510
-1895
85
-1314
-1946
-4666
-491
68
-4987
-2048
-4610
-394
-1766
-2454
-725
-4929
-2239
-3025
-2873
352
-2859
-3367
370
-577
-1497
-1948
-3344
-1815
-4720
-666
-2244
-1765
-394
-3313
-3046
-990
-4053
148
-4385
-2741
-2731
-1766
-4514
-3948
-4918
-124
-744
-258
-1420
-3045
-2798
-319
448
-3501
365
-3560
235
-458
-2957
83
-2249
-3848
-4801
-4324
376
-3452
-3356
-4587
-3981
356
-2886
-761
-1509
-3891
-4684
94
-3560
-877
-1380
-414
-1050
-1528
-2871
-2370
-238
-4365
-260
-2495
-3552
-2015
-4555
-3285
-2483
-1904
-2754
130
-3123
167
-3983
-4583
-1854
-3679
-537
-267
-4104
-3880
411
-2704
-1148
-2719
-1062
-4597
-1513
-1110
-1001
-19
-1663
-3583
-1088
-897
-1493
-3825
-456
-4271
-3140
-3655
-3771
-2088
-1244
-3677
-746
-1206
-2896
-1106
-3283
-3786
-1890
-4468
-1307
-1856
-325
-2866
-1801
-1808
-3168
-711
-3993
-551
-1096
-157
-3089
-2901
-379
-3138
-4303
-3970
-4057
-2895
-557
198
-1618
-4424
-3871
-3587
207
-2878
-2076
-1566
-2807
-2828
-2758
149
-3989
-1981
-4304
-1239
-2214
-3292
-476
-3788
-2081
-2624
-4924
-4659
-1715
-848
-2180
-4795
-1749
-367
-1211
-3056
-3043
-3627
-3191
-170
-3590
-1919
-4469
-2867
-904
-1759
-4573
-3638
-4682
-4730
-3134
-3158
-1919
-3474
-2438
-4
-2213
-4881
-4502
-3779
-3432
-464
-1973
-4919
-942
-3234
-3720
-161
444
-1471
-1253
-2413
161
-1377
-4586
-3163
-1989
485
-4448
-1594
-2598
-2985
-807
-6
-1112
467
-2365
-3974
-639
-3663
133
27
-3480
-100
-3277
-47
-4986
-3954
453
-3846
-3216
-162
-986
276
-3539
-1520
-2275
-2640
-4878
-1287
-3607
-3029
-1774
-4519
-4008
-123
-1865
-3768
-1172
-117
-1598
-2194
-1797
-784
-2022
-2325
-4376
-1495
-1584
-4361
-2613
-1859
-3424
-4935
-4084
-3882
-2159
-2842
-1690
-3960
-4571
-987
-1740
-41
-119
-3552
-1548
-2803
378
-4600
-1202
-3067
-2589
-3090
-1672
-2937
-2876
98
-4278
344
-1275
-4188
-466
-1301
-1823
-1392
211
-4004
-3370
9
312
-4410
82
222
-4326
-661
-2470
-796
-704
-35
-4011
-2153
-3408
-4845
-2046
-2781
-1119
-2574
-4744
-2639
-86
-4652
-797
-3378
-2770
-4790
-3
-432
-4431
-4800
-3253
-2461
-4897
-2461
-1029
-3486
-4196
-2373
-1930
-599
-329
-4176
-850
-1270
-4316
359
-254
-187
-3924
-446
-3723
-200
276
357
-1832
-4664
424
-2809
-313
129
-2865
-2166
-2208
-124
-2243
-2876
-1677
-1064
-3761
-2628
-4183
-2132
-4274
458
-4857
32
-396
-1732
-3543
-3183
-2073
-2633
-4171
-2632
-2692
-579
-3151
-736
-626
-1361
-1636
117
-4244
-1438
-800
-4474
-1779
-3239
-3782
-2646
-1223
-3447
-3387
-2831
-840
-4532
14
216
-2133
-4006
-1229
-1154
-1905
-2894
-2157
-2556
-2866
-1038
-1001
-3588
-4277
-370
-538
-2476
346
-1440
302
-2816
-1660
-1984
-1804
309
-3932
-648
-208
-3950
-4948
457
-4383
-4155
-4384
-1061
-3435
-4778
-1155
-2706
-3676
-1514
-4692
-1845
-3043
76
-2940
-2815
-4440
-4927
-4839
-1590
-4856
-952
-2336
216
-4238
420
-4748
-1371
-3208
-4029
495
76
-831
-3292
-1762
-284
-4454
-1014
-1265
-3979
-3852
-2393
-4669
-1474
-766
-3886
-4272
304
-4894
-336
57
-4765
-3606
-2364
-2128
-3888
-608
-963
-4788
-4083
-4794
-2556
-4771
-4417
-779
197
-4213
-1479
-2491
-2863
-521
-4418
-4932
-4555
-4062
-4624
-619
-1593
-4047
-706
-1954
-2393
-1386
-1966
-3116
362
-231
-4594
240
-2848
-1114
-4665
-326
106
234
-454
-3977
-2882
-3071
-3236
-579
-2328
-1828
434
-376
-2759
-75
482
-3394
-2764
-4805
-935
-3138
-2909
-3941
-1476
-3526
-623
-3987
-1349
-4408
-2968
-3808
-3388
-2450
-4278
-3121
-881
94
-3999
-1169
-3225
-3192
-2767
-2364
-49
-2019
-4898
-4957
-3768
-2280
-1878
-642
-499
-1304
-4639
165
-4504
-235
-2978
-2286
-714
-4861
-1949
-4583
-1487
-4976
-1228
-1585
-3542
-1680
-432
-2083
-3879
-4100
-2911
-485
-413
-2686
-2207
-1872
-640
-2402
-3180
-1809
-1980
-235
-4986
-1638
-991
-3082
-1338
-3291
-3563
-2042
-4991
-659
-1141
-2198
-3757
-1318
-2080
-2625
-1801
279
-4817
-3358
-3721
-3385
-477
-1020
84
305
-3278
-3024
-4359
-1630
-3592
-1192
-3404
-2758
-463
-2290
-4563
285
-592
-202
-4777
262
-876
-878
-2640
-625
27
-1241
-2700
-489
-690
-3354
-4953
-9
-1897
-3979
-4601
-4350
-4400
-4465
-1817
366
-2177
-11
-4157
-3947
-2542
-1660
-2015
-4263
-1325
-4724
-4072
-1012
-3018
-4756
-2700
-3829
-2446
-2402
-4558
-2274
-798
-427
-3207
-26
-4306
-1399
-1666
-2749
-3672
213
-1917
31
-1230
-356
-464
-3118
-2484
-832
-4432
-4975
-1644
-2929
-3566
-2577
-3807
-3873
-2006
-4885
-4929
-1744
-714
-505
-3083
-3568
-4081
-2072
-4193
-2405
474
-3735
-4599
-1931
-236
-3663
-3022
-3161
271
-3871
-3002
-150
166
-3703
-1587
-1101
-4935
-4260
-3938
-4556
-3799
-3526
-1515
-4952
-4400
-219
-3349
-3208
-2208
-1151
-497
-3440
-4082
218
-2239
168
-4844
-2419
-2771
-3529
-4848
236
-1771
-4905
-396
-2783
-1030
-4925
-2264
-1463
-1754
-2218
321
-3494
-3812
-480
-3462
-4820
-2474
-3874
-3377
-3021
-722
-469
-796
-3258
211
-4094
-3941
-87
-1251
-2793
-2709
-3778
-1380
-4201
-301
-2393
-3957
-2754
-420
-829
-1871
-2001
-1124
-3598
-903
-2632
-4396
-2879
-2505
-4311
474
-4603
-2632
-2750
-3707
199
-614
-2401
-744
-1203
-2437
-3521
-3846
-3729
-3859
-4250
-301
-234
-1366
-3050
-2618
-2852
-2003
-2514
-509
-2485
237
-4415
-1843
-217
-528
-4907
-1431
-2365
-4337
-1904
-841
-2562
-4590
-4293
-2662
-4395
-605
-760
-1378
-1005
-2135
-1539
-1004
-1877
-4410
-1529
-2320
-1415
-1503
-1468
-3259
-1686
-1549
-2342
-1380
-2878
-1648
-1186
-2964
-3818
-3749
-4769
-613
-235
-3463
-2654
-1410
-1601
-2257
-2678
-888
-152
-4273
-3373
-4711
-3580
-811
-4199
-1379
-3067
-4085
-1910
-2948
-2705
-225
-3410
-2405
-4703
-745
-4889
-530
-1175
-1703
-3561
-2957
-957
-1087
-4783
-1247
-3118
-2097
-2534
-2407
-917
-2346
-2753
-1951
-3287
-1945
-2848
-1116
-654
-1794
-4752
-3304
-2506
-4672
-4089
-1971
-2530
-337
-2159
-3267
-4957
-390
-1725
-3351
-1238
-1547
-1596
-2915
-3459
-892
-1680
-1995
-3467
-1270
-2800
-1577
-160
-2880
-3915
-1112
-258
-3757
-1359
-3247
178
-3147
-4244
-2881
-4203
0
-4258
-1136
-3829
-4435
-760
-2271
-4606
-955
-4408
-2812
-4979
-1285
243
411
-4736
-3483
421
-1000
-4520
-3817
-1939
-4360
-1265
-3299
-2791
-95
-3017
-2076
-2787
-1842
314
-2593
-2415
-1461
-2525
-3584
-3394
-2988
-1826
-909
-1171
122
-4883
-1624
-2028
-4057
-4930
-3095
-2360
-3412
-1365
-4533
-3259
-3258
-1822
-117
-4293
-1581
-3681
-4639
-4042
-1446
-1146
-4937
-4108
453
-3601
-537
-3531
-2923
-3992
-2378
-3927
-4482
-1774
-3228
-1698
-2959
-1628
-633
-978
-4938
-1176
-4216
-778
-4503
-1441
-687
-297
-1708
-2782
1
-3714
-1878
-696
-3763
-31
-2956
-3990
133
-1234
-4567
-4135
-2113
89
-4444
-516
-3879
-4928
-3526
-4406
-3565
-2433
-245
263
-935
-840
-3629
-242
-4056
-3480
-4382
-4824
-4326
-3151
-1476
-48
-116
-4551
-4976
-200
-2850
-967
-219
-4678
-568
-1309
-4931
-3289
-3424
-1043
-1786
85
-2387
-3309
-3982
-413
-3215
-1666
-2228
-2527
-3407
-99
-1262
-3467
-4845
3
-226
-4374
-3820
-2594
-3745
-4934
-295
-4937
-1487
-3713
-2908
-2976
-168
-3148
55
-1734
-2461
106
-156
-4726
-3545
-309
-179
-197
-4606
-3572
-3711
-767
-1504
-3961
-1964
-4614
-4120
-4764
-3350
-3337
-2583
-769
248
-1135
-3429
473
99
-3014
-4239
-1239
-4309
-2310
-4870
-2476
-2975
-633
-4433
-4215
-3579
-4317
-2292
-2765
-969
325
466
-194
-2008
-3159
-2020
-75
-1296
-3019
-1265
-39
258
-1112
-1433
227
377
-4915
-3843
-2946
-4754
-412
221
-3897
-906
-4836
-3507
-2142
-1443
-4119
-991
-1320
-594
-1334
-3826
-2126
321
-2702
-2697
-1133
-113
-1260
-4951
-2273
-3221
62
-223
-3647
-18
-2641
-1695
-402
-2144
-4047
-2875
-18
-297
-4300
-149
-3417
-4601
-3803
-4535
-2304
275
-3678
-592
-4043
145
-2058
-3500
-1902
-4779
-3222
-1912
-2263
-1679
-3381
-3757
-2887
-775
-3669
-3874
-2763
-3461
-295
-2576
482
-3910
-194
-3441
-3387
32
-2243
-3535
-3235
-1404
-4565
356
-2748
-4855
-1692
-1634
-4393
-2590
-942
196
-3317
-1785
-4587
-2036
-4542
-2613
-2075
-4650
-3614
17
-1377
-995
-2819
-1720
420
-2759
-3856
-163
-2202
-4095
-4523
-1393
-469
-1783
-3033
326
-4426
28
-3871
-3517
-552
-150
-714
-3918
-2969
-2438
-2339
-4313
183
-3835
-4085
-4782
404
-382
-4772
408
-1681
-2784
-2073
-2027
-396
-2649
-958
372
-3411
-403
-3893
-3437
-1410
140
-102
-1486
-2391
-1647
-2777
-4793
-4566
446
-1467
-3238
37
-2476
-4807
-621
-3028
-2716
-276
-3224
-2014
-4751
-2625
-4334
-223
-4681
-3998
-1943
-1643
191
-306
-2667
-4259
-2833
-3749
-1971
-4432
-1226
-1135
-1041
-4704
-2357
-3204
-3263
-395
-4634
-1823
-4698
-4588
-4683
-3023
-4777
-2620
-4077
-4710
76
129
-4179
-2844
-4889
24
-4271
-2477
-1786
-3214
-1794
-3771
-4167
-1625
-3347
-4035
-3823
201
-1052
-2403
-4989
-4142
-1880
-1432
-900
-4027
-2386
-2809
-4297
-2639
-2062
-265
-4941
215
-959
-1082
-2283
-1852
-1036
-935
-1277
-2672
-1834
-357
129
-224
-2688
-2649
-3981
207
-4772
-2016
-1856
480
-860
-3464
-1271
131
-3135
-3525
-3322
-1450
-1213
-3504
223
42
-3473
-18
405
-2010
-4001
-1820
-4388
-544
-3443
-2620
-2409
-3470
-2886
-1000
-4961
-1595
-236
-682
-4073
-3317
-1123
-2207
-1747
-4030
-3695
-142
-3464
-4404
-3757
-2129
-4235
-3941
480
-4630
-2559
-3971
-4318
3
-1404
-3534
-2981
-470
116
-2849
-1974
-4344
-2900
-1914
-1561
-1308
-1412
291
-1983
-3825
-1040
-4709
-4990
145
-3213
-635
-2413
-1801
-158
-2760
-4115
-4
-1583
-275
-4495
-2500
477
279
-4101
-2978
-3996
-1108
-1959
-2019
-1856
-2072
-1457
-856
-4642
-1517
-3992
77
-4037
-4067
452
-1797
-989
-4855
-814
-3512
-1590
448
-3867
-3515
-34
-2563
-4023
-1832
-2015
-1153
-4612
56
-1790
-2543
-2844
-128
-3768
-3343
-4278
-646
-3595
-4891
-293
-1960
-3495
-2985
-828
-1547
-4697
-726
-1650
-635
-4875
-2390
-3361
-209
-3335
-4021
-1126
-4132
-4311
-4630
-705
-1515
295
-2718
-3490
335
-4664
-3730
-4742
-3829
-4577
-1861
-747
-3770
-1184
-1413
371
-185
418
-1530
-2428
-4136
-456
-2372
-858
-1501
-4957
-4500
-3163
-4388
-849
-1176
-34
-318
-2443
42
-1663
-3479
-1491
-3479
-2476
-2470
-2342
-190
-4796
-444
-187
-598
-1898
-2567
-2489
-1854
-2954
-1723
-459
-2070
-1877
-3645
-2708
-2581
-668
-480
-1433
-4379
-2150
-344
-4771
-1210
-4220
-730
-1654
-2948
-2446
-609
-2344
-40
-85
-952
-1451
-2735
-3533
-163
18
-3105
283
-3189
-1563
-4388
-732
-386
-307
-3399
-2646
-4748
-4405
353
-4577
446
-3010
-4160
171
-2289
-3344
-1438
-1564
-3596
-3473
-3313
-432
-3175
-261
-4888
-3217
464
446
-4668
-1949
-3729
-644
-952
-1125
-256
-1829
-3588
-1324
471
-1186
-1286
-1286
-409
-1370
-3584
-437
-1526
-1138
-1106
-4320
-3847
-674
187
-4445
-17
-3796
-2764
38
-3437
-4756
-1745
-2314
-756
-4553
-3779
-1483
9
-3081
-1414
-4678
-397
-2280
388
-2700
-4092
-73
-3114
-4295
-2673
-2633
-928
-4268
-4417
-3903
-2193
101
-3767
-1669
-4423
-3821
-2279
378
-3925
-425
-970
-1316
-304
-3888
-221
-4813
351
-4835
-1266
-3962
-1430
-3409
-3728
-4830
-3989
-3211
-3020
-4552
-1570
-4352
307
-452
-104
-3587
-3175
-618
-2789
-2826
-1153
-3684
-4052
-1305
-1601
-1269
-97
-4806
-197
-3722
-268
105
-3130
-2174
-43
-1135
-4412
-1297
-1077
-3999
-4668
-4022
-4148
-3161
-73
-3686
-153
-3788
-4871
-3874
-3540
-4838
-3810
-4836
-1977
332
-3092
-2091
-605
-3577
-1182
-2390
-4349
-833
277
-4474
-2147
-3107
-4042
-171
-1232
-1719
-672
-3259
-3168
-3288
-4358
175
192
-3468
414
-1104
-671
-2771
-259
-1621
-2360
38
333
-2820
-2235
-144
-3303
-575
-4378
-4394
-4847
-2806
-3701
-4085
-2225
-1360
-3056
-2406
-4622
-811
-2466
-4387
-1405
428
-1272
-3123
-4441
-443
-1370
-2582
-4935
-808
-2001
309
-524
-2810
388
-288
-1110
-3730
-4147
-1910
308
-2440
-692
-2854
-1050
-595
-3924
-1937
-2471
-3282
-3663
-4770
308
-3223
-3721
-3248
-4553
-351
-3935
-1378
-4944
-3775
-419
-2199
-3437
-4702
-180
-4213
-3681
-1576
-4903
-3125
117
-4883
-4903
124
320
-4468
-1908
-1469
-3559
-3720
-828
-3333
-3546
378
-4267
-3493
-3948
-996
-2357
-4199
-2218
-3394
-4532
-363
-1026
-1693
-705
-1414
-2427
-3087
-1153
-1815
-2642
335
-3437
486
-2271
-317
-2403
-3634
232
-3593
-553
-1559
-4841
-2554
-1708
-534
-3035
-1807
-3282
-329
-4389
-3530
-3185
-4195
-2641
-3212
-2730
-1009
-1230
-3741
-3343
-3266
-3698
-1153
-2236
-4010
-2510
-175
28
358
-183
-3261
-4363
-1199
-239
-3308
-1421
-4918
61
-2066
222
-477
-3501
-4778
445
-2195
130
-4940
-3898
-2824
-2751
-2136
-3238
-4813
-324
-4124
-2895
-1957
-753
-3578
121
-2571
-2878
-1966
-432
-1654
-2340
-1822
-2873
-5000
-530
-981
-1039
-964
-4151
-2631
-1645
-1822
-2621
-1758
-4126
-3566
-783
-2658
-1835
-4292
-2035
-129
-1106
-2117
-3438
-4806
-4624
-938
-1823
-1048
-1434
-4342
-3798
-1541
-1182
-1321
-4428
-3467
272
-3141
-1278
-2273
-4988
-2741
-25
-4608
-3348
-655
-4322
-1516
-1480
-273
-1316
-1566
168
-4299
-1725
-762
-2276
-872
-522
-4000
-1845
-3887
-3233
-4585
-3529
-4648
-3507
-1265
-1340
118
-508
-3677
-3991
-4254
-4772
-1534
-4576
-2547
-1110
-4961
-1858
-4303
-611
-3419
-1901
-1894
101
-4172
-2203
-3064
-3577
-3671
-3089
499
42
-4971
-4763
-4678
-2775
155
-3195
-2201
-4131
270
-202
-2330
-786
431
99
221
-1379
-3010
-19
-3825
-2608
129
-1963
-3682
-2083
-3303
199
-3919
-3053
-10
-507
-526
-4083
-1589
-578
-4280
-4212
-2562
-406
-3342
-3673
-869
-4860
-1693
-4796
-4991
-4285
-587
-1577
-646
-3559
-3181
-2946
-1141
-1377
-3653
-3369
-1655
-1400
-3845
-567
-2498
-1094
-4348
-1433
-2853
-182
-3413
-2951
-139
311
-4524
-4763
-3515
-447
-4916
-2674
-3431
-2391
-2654
-191
-3744
-3557
-776
-1712
-760
-949
-4340
-3906
-4440
-4929
419
-315
-1179
-3544
468
277
-3405
-2863
-610
-2746
203
-4789
-629
-1178
-4851
-1612
-3438
-2086
-1868
-4880
-4950
241
-3650
-153
-1095
-3145
-451
-2748
-4019
-3427
-4842
-2996
-1301
-1841
-1834
-667
-4214
-3969
-3534
-1803
-2230
-3569
-4092
-1584
-3053
-4246
97
-3694
-2848
-4996
-3559
-1221
-3291
-3340
-4463
-3272
-951
-2244
-2371
-2795
-1129
-2896
-1998
-2572
-1181
-2941
-2958
-240
-728
-1980
-2669
-46
-2000
-3968
-2263
-935
13
-4679
-1077
-3307
-4909
348
-157
-4750
-3941
-668
-2493
-4881
454
-165
-185
-354
-1478
-2202
-85
-2820
-131
-2657
-488
-581
-1189
-285
-2483
-2689
-3812
-3932
30
-1037
-2259
-983
-4597
-2704
-427
-564
-3074
-2502
-4989
-1282
444
-3413
-1388
-1060
-3004
-652
-1713
-3911
-3261
-1204
-1698
-920
64
-3018
-4646
-3442
-3273
-3012
-4040
-2132
-2042
-478
146
298
-1232
-1586
-684
111
-1250
-1790
-2630
-2703
-2320
-1973
-793
-3865
-2555
-2281
-4296
-2642
-1322
-402
-3476
19
-2552
-97
-101
-1173
301
-1424
-789
-2080
-3259
276
-934
-2247
-2747
-1803
-4334
-2056
-1796
-4997
-996
-4054
-4890
-4040
-376
-480
-281
-4000
-447
-2025
175
-546
-4636
-28
426
-1463
-1824
218
-308
-1975
-2809
-3733
-1324
-3592
200
-3090
-4642
-436
-1514
-4181
-4023
-1225
-4738
-4119
-2444
195
-2501
-4782
-1400
-336
-2477
-330
-3305
-2787
-330
-3409
268
-4905
-4437
-4289
-2813
64
-3836
-1914
-4033
179
-3189
-4618
-397
-3876
-3559
-446
-4580
-2896
-262
-4192
-1089
-1199
-2122
-283
-4508
-1308
-860
-3551
-2810
-4749
-2631
-1160
-3074
-3870
-650
-4070
-323
-680
-930
-3013
-1548
-4932
-4471
-539
-871
220
18
-2079
492
-1229
-3639
-389
-4823
-3588
-419
-2459
463
-118
-3183
-335
-2004
-410
-2549
-4912
-4109
-1441
-4783
114
-1586
-944
-3819
-1563
-806
-510
-3056
-3486
-4262
48
-4062
-3738
-380
-2836
-3443
-58
-3469
288
-1707
-341
-1557
-2439
48
-553
-925
-151
-1295
-2413
-2052
-2547
-4658
-16
-3893
-4745
-4480
161
-597
-1645
-117
-2932
-593
-4675
-4865
-4087
252
-217
-699
131
-119
-1180
292
-3766
-2482
-3365
-1362
-4924
-2275
-2158
-3861
-2263
-503
-3573
-2426
-1141
-864
-3592
-4897
-4733
-3001
-14
-4381
-231
299
-431
-4176
-3461
-1573
-4257
406
-969
-3920
-4905
-1070
-3577
204
-4642
-1039
352
-3934
-3746
-3329
-3471
-1900
-1613
-4216
-3660
-3731
-1731
-3346
-4399
-3172
-700
-1554
-4329
-689
-855
-4314
-2532
212
-4743
-2389
-3521
-2018
-4660
-1060
-375
-4031
-1074
-65
-136
-2056
-1918
-1175
-4902
-4899
49
-961
-858
-2456
-1178
-1244
-108
-3817
-2907
-310
-696
-2691
-4292
-72
-3981
-2208
-282
-2951
-2633
142
-905
-1745
-3783
-2257
-881
-954
-2891
-1278
-4110
-1349
-2905
-3762
-4425
-361
-3920
-976
278
-1554
-4600
-3284
-966
-315
-671
-1832
-1905
-4158
-4732
-3414
-2954
-99
-1996
-2876
-2799
-4673
-142
-3078
-2228
-4669
-4073
-2985
-3242
-2481
487
-2913
-4715
-1256
-3735
-3293
-601
-253
-395
-4487
-2380
-3615
-3616
-3261
-2548
-3326
-122
136
-2729
-745
-286
-651
-2691
-2665
54
131
-1051
-2657
-1152
-1579
-1713
-751
-3867
-458
-82
-3317
31
-1431
-237
-2418
-537
-4751
-4473
-3098
-2178
-4343
-3432
-4536
-4646
-904
-3913
-3828
-540
205
-4627
-2341
-4840
-847
-1168
-600
-536
-667
-4435
-219
-2348
-4810
-3131
-2844
-1353
89
-3073
-1857
268
-307
-2456
-1303
-3170
-1909
-4338
-430
-4912
-182
-4387
-3441
230
372
-1391
-174
-3765
-4551
-3348
-2776
359
290
-1443
-3937
313
-3643
-1771
-1826
-1713
-324
-4066
-599
-4801
-1582
-2346
144
-431
-3740
-872
-713
-1669
-2982
-3207
-841
-1631
-4204
-4453
-2843
-2082
-1444
-4314
-741
-860
-659
-827
-3183
-2785
-3215
-4104
-3409
-847
-1626
-3586
-3525
-4251
-2838
-2598
-1448
-954
-4096
-727
-7
-2458
-3316
-874
-1038
-1773
-494
89
-1494
-4058
-1011
-1660
-1362
-2328
-4704
-552
-3468
-4447
-2956
-3440
-1816
-3870
-2992
-1394
-4986
-2799
-4696
-4501
-2924
-3467
-543
-303
-4642
-624
-1649
-3540
-4512
-2569
-4394
-871
-852
-843
-3836
-3123
-575
-2986
-3156
-591
-1714
-4672
-4065
90
-2448
-2393
-3120
-2591
-379
300
-4225
-738
-3769
-1789
-4114
-1805
447
-1758
-1660
-3943
-4628
-372
-2233
-1753
-2360
-2483
-4862
-1310
192
-1514
-3280
-3489
168
107
-2233
-1943
-2866
-2304
-3516
-1625
280
-4267
-1995
-3611
-1064
-2960
-3742
-1316
-3431
-4698
-2817
-4802
-3801
-4930
-3893
-2323
-2237
-903
-1609
396
-750
-4087
-1078
-1643
-2143
55
-525
-2585
-2422
-2186
-3077
-4112
-3571
-1997
-459
-433
-2732
-2413
-3019
-978
-4270
-1270
-1899
-3835
-1629
-4881
-1666
-1213
-573
333
-3737
-2747
-2982
-4596
-4227
-4579
-2313
-2262
-1624
-1353
-1539
-1056
-4189
-3633
-2993
199
411
-2087
-1566
-2039
-722
-3647
-3854
-690
-3056
-2842
-3162
-4508
-984
-4268
-1644
123
-3587
-2194
108
-2365
-965
-4354
-889
-2528
-2949
-991
-4898
-472
-4832
-216
-2509
-3686
-4076
121
-2414
185
-511
-1099
-1595
-3572
-1633
-2206
-1619
-2058
-4260
311
-4488
-439
-1882
-2365
-1891
-955
-1838
-1455
-4013
-51
-794
-4914
-557
-2103
-1963
245
413
-4965
-249
-3335
-2610
180
-511
-991
-424
-2043
-2421
-3192
-4649
-3780
-539
-1761
74
-4026
-4585
-1782
-2107
-459
-1966
201
-3833
-3299
-144
-3576
-1327
199
-3186
-2785
-42
-2387
-1332
-4154
-783
-2729
-2136
-1461
-4630
-1060
-2745
-1665
-2284
-2979
-2409
-3071
-1746
-638
403
-3035
-20
-1395
-4127
-874
378
-146
-4936
-1521
-3212
-1327
-4859
-4674
-2944
-4445
-1924
-3626
-2779
-4348
-859
-3643
-2717
-770
-868
-3822
-1599
463
-3270
-4182
-1774
-1645
-812
-3793
244
-1033
-4345
-723
-3507
-1028
-2883
-2416
-506
462
-1609
75
-3220
-3005
-3960
-2965
-2014
48
-42
-319
-2085
-3126
-860
-3684
-2449
-2315
-1141
-191
370
-2031
91
-1620
-2523
-3229
-3239
-4044
-4208
-1511
-880
-973
-1665
-4616
-2651
-5000
-2262
-1242
-4080
-1080
-623
-533
366
161
-1885
-1633
-421
494
-2110
-392
-3882
-1044
-677
-446
-896
187
-782
-2345
-4331
-888
-1888
102
-4205
-2014
-3013
-1981
52
-1649
-915
-1751
-254
-4359
-4780
-1639
-2267
-3996
-516
-3639
-1509
-889
-4763
-3920
-3425
-4061
-2927
345
-1762
-2074
-1540
-4013
-3569
-3033
407
-4956
446
382
-1419
-2759
-2324
-4258
-2071
-1834
-2916
-4687
-3779
-4075
-3123
-2083
-2971
-1849
-2990
-225
-1486
-1371
-622
-2087
-3300
-2205
-1349
-244
-1879
-2169
-35
-4990
-3872
-4045
163
-35
-2801
-352
-679
-1167
-3020
336
-2352
-2174
-2638
-2830
-2045
-4603
52
-577
-1401
-2665
-4315
-4494
-729
-1772
-4791
-3711
-1537
-509
202
-3476
-4408
-434
-658
-4322
-1834
-4162
-3304
-4816
-4830
-3471
-2200
-4985
-4656
-349
-1196
-1833
-3579
-2749
-2128
357
-2395
-1729
-313
138
-4270
-1709
-1228
-2256
-2285
-4539
-1493
351
-1023
-525
-3199
-4819
-117
-2501
-1335
13
-4932
-2616
-4653
-2097
-278
-3695
-4857
433
-4182
-1682
-4815
-2454
-240
-454
-2336
-2584
-3520
-4634
-849
-3239
-2920
-1605
-4856
-7
-1326
-4950
-4968
-4980
-235
-2946
88
-770
-3837
-4187
-1275
-3116
-1476
-1163
-97
201
7
-3295
437
-4734
-2121
-2921
-1016
-474
-3487
-4872
-946
99
-4350
-1675
-3952
-3097
394
-3093
-3623
183
-1344
-2455
-2992
-4601
-4389
-3454
-1178
-1047
-74
326
-470
-4110
-3194
-4368
-2009
-3331
-3042
-801
-2282
-1749
-1360
-3959
210
-1534
-307
-434
-2813
-880
-2895
-1807
-958
403
-669
-4244
-4561
-3484
-3627
-774
-3283
-4482
-4323
-2184
-1248
-4963
-4846
-4622
-4645
-2950
-734
-3746
-2718
-2347
374
-3968
-3742
-936
-4354
-3627
-2224
400
-1821
-3034
-1736
-3130
-1861
-3525
-2224
-40
-2665
-4983
-1057
-695
-4396
-3078
-1934
-3838
-335
-737
-2055
-1741
-4651
-3018
-4967
-2473
-821
-2908
-4252
-167
-1135
-2416
-1282
331
-3220
-1129
-1217
-3703
-2340
68
-447
-1144
-4219
-468
-2679
-1758
-1535
-1574
-3570
-2444
-4618
-2696
-2292
-3271
-4809
-2047
-3371
363
-477
-3474
-1252
-1907
-919
-3813
-4246
-1709
-3121
-4926
-179
-1766
-1877
284
355
71
-2736
-2214
-4682
-3462
-2815
-1537
-2827
-2380
-1574
-727
-1776
-810
-3249
-2285
-4929
-619
-4352
-3776
279
-2648
-3860
-3418
-4552
169
-121
-1278
-2963
-1716
-3789
-2347
-1291
-4121
300
-4362
-4760
-2374
-4720
83
-1572
-4523
-4334
-1458
338
-2939
-1604
-3758
-4863
-507
-3556
-780
-4797
-2440
-940
-1949
-3295
-2937
-1322
-1295
-4543
-1645
246
-102
-2032
-3287
-891
-1442
-2670
-2102
-3664
-4667
-2480
-1831
-2049
489
-3957
-2639
-3515
411
-135
-108
-319
-2602
-29
-499
-2599
-2786
-2036
-1697
-4553
-3481
101
-3109
-4775
-815
-1059
-4141
-1674
-4698
405
-4276
-3405
-3418
-2248
-1829
-2609
-1981
-1726
-3977
-4034
-1133
-4131
-3156
-4009
240
-4969
-1703
-4477
-4575
206
467
-441
-2904
-1307
-2279
-716
-3905
-3835
-110
-1461
-2123
-3886
-2501
-3495
-980
-3668
-1574
-4069
-1971
-3355
-3134
-2332
-1110
-1692
-2242
-1580
-1966
-1747
-1702
350
-3794
-4806
-4765
-2923
-817
-3832
-2753
-2652
-4253
-4213
-2896
-3563
-4547
-3863
-784
223
-3868
-1023
-399
-1289
-86
-3791
-4530
-2518
-4118
10
-2175
-2763
418
9
-745
-1194
-1781
-728
-4959
488
-1824
-4986
-3558
-381
-1185
-3340
-2888
-2335
-414
-960
-580
-3952
-88
-2279
-348
-2318
-1030
-1170
-3665
-3008
-1663
-1660
-2016
-3754
93
50
-4317
-1097
-1535
-3229
-3164
-886
-755
-2882
-31
-1106
-1704
315
412
-3627
-3485
364
-1195
-853
-2528
88
-4987
-4716
-1348
-4430
-4982
-4984
-3799
-3941
-2359
-801
-1913
-1046
-4001
-3464
-4732
4
-2878
-4296
-3019
-3390
-1301
-4742
-2673
-623
-2486
-3372
271
199
-1214
-4779
-4144
-3603
-4259
163
-4230
-1752
-2204
-2978
-3487
-4847
280
-1445
-4708
-3275
-99
-315
-4512
-1708
-3599
-281
-3229
-3274
-1960
-1933
-2728
-631
131
-2008
-2716
-1394
-93
-3093
-313
-1260
-1508
479
107
-102
64
-3849
-4211
-4744
-4190
-1737
-4900
-916
-2631
-1683
-4702
-1580
-1817
-4702
-4554
-1072
-2880
-65
262
-4850
-4434
-2356
-3672
-4270
-1559
-2587
-3148
-1318
-2083
-3915
-1965
-4738
-2278
-4435
-3700
-2143
-3589
-4073
-4627
-412
-2452
-3415
309
-2934
-1711
-306
-2097
213
-818
-1098
-873
-255
-3821
336
-2268
-1054
-1435
-1878
-3765
-2593
-2775
-2327
-471
-4757
-4446
-991
-163
-351
-4692
-1444
-1216
-4065
437
-3032
-2308
-3030
-4374
87
-4735
-173
-4671
-551
-3709
-731
-1283
-1920
74
-1986
-3973
-2715
-4466
-4264
-4245
-2422
-824
-1107
138
-274
-562
-3388
-2108
-1162
-4028
-1598
-3403
-3095
-2123
-3538
-1138
-1323
-161
441
-3742
-3409
-3244
-1274
16
-2627
-2969
-840
-1894
-3136
-181
-3225
-2671
-2800
-1350
411
-2953
-4141
-1702
-2006
-1264
-960
-4012
-3003
-1228
-4905
-3607
-469
-4436
-1226
-850
-3917
-4788
-1315
-3413
-3995
-3120
-1848
319
-1139
-2671
-2794
-4966
-4564
247
-3541
-781
-838
-4097
-760
-2488
-3023
-3071
-4017
-3825
-4902
-4123
-2671
-4448
-2966
-379
-1295
-2669
425
-72
-2068
-4580
-2028
-650
-1250
-98
-4556
-3105
-4915
-136
-3399
-2810
-1896
-589
-4456
352
-1010
-2954
-493
-3620
-3352
-4336
-2819
-3367
-3882
-3504
-1017
-671
-3447
-323
301
338
-874
-2875
-1895
-1699
-1102
-3695
-807
-4291
-2674
-3509
-2663
-4301
-1572
-2346
-586
-3203
-4320
-3923
52
59
-1831
-2917
-250
-2648
-4840
-3717
-4435
-2522
-119
-2851
-750
-4547
-1487
-4109
-3209
-4880
-2795
-3674
-613
-4100
-2430
-3100
-4147
-2380
-4978
-3232
-20
434
-480
-4623
-3633
-1371
-455
-4578
-2294
-4148
-4941
168
-531
-3487
253
-646
-1705
-3764
369
-4352
-375
-1258
-2169
-2870
-2587
-3427
275
-1254
-1333
-2782
-4259
-3545
-2752
-942
-2147
-459
-2652
-3691
-330
-4914
-3678
281
-4530
-3152
-1841
-4487
-3852
-4497
-4569
-911
-2493
-526
-1110
-2479
184
-1588
-4
-132
-1573
-910
-4920
-1459
-3053
-2442
-1280
-1492
-3050
-3488
-1699
-3225
-3774
-3293
-750
-2959
-2505
-4352
-165
-2859
-1179
-4572
-4640
-4684
-1565
377
-4845
-3673
-69
-2953
-4160
98
-2900
-2456
-2919
-1508
-2518
-3400
-2841
-3367
-3595
214
-1193
-3628
-3965
-1598
-4804
-3440
-1090
-1055
-2862
-678
-4023
296
-4613
-2096
-2243
-1128
-140
-3866
-3165
-204
-4124
-2367
-160
-3751
-2152
-3570
-3240
-1902
-3864
440
-391
-4893
-4884
-1651
-257
176
-1151
484
-2883
-29
-4901
-4313
-3031
-516
-2550
-1325
-960
17
-4355
-593
-2944
-4994
-2549
-699
-4682
-124
-3562
70
-508
-3632
-3975
220
-2468
-4673
-3836
-3359
-603
-1165
-4466
-958
-1408
-4157
-4343
-1917
-3372
-4070
-4523
-5
-234
-188
-4563
-4071
-4166
-2736
-4497
-4996
-1923
-1315
-1015
-4883
-1203
393
-1250
-4150
-3215
-1843
-399
-2252
-952
-600
-3182
-4156
-1187
-2869
-4104
-2917
-848
-26
-4981
-719
-4171
-2801
-51
-1167
-9
-2196
-1972
-3720
-1318
210
-3219
315
-1254
303
-241
-1032
-4529
-1722
-413
-3513
-3422
320
-4810
-2597
-2466
-4341
-4944
-2342
-4959
-4466
171
-2109
-345
-1432
-1866
-768
362
-4098
-2863
-4090
-4216
-4609
128
-2414
-4113
-3875
-1748
-2617
-4954
-429
-3589
-3486
-3959
32
-2575
9
28
-1160
-135
-2387
-998
-3240
-3784
349
311
-2867
-2703
-2666
-678
-3265
-1593
-3809
-4616
-1890
-3041
-2778
9
-3933
-3171
328
-2832
-4670
-3450
-3016
-2533
-2660
-3153
-1943
-1593
-3507
-4400
-2881
-1610
-1182
-2538
-629
-873
-3653
-1525
-323
-4106
31
-1313
-3604
-3233
-2568
349
-1835
-621
-3627
-3073
-2329
-4028
-2091
-2015
-2615
-4981
-675
-3491
-723
-4202
-1071
-1539
-4063
-3186
-2959
-1965
-2780
-3591
-1936
-4579
-270
-4351
178
-4713
-3118
-4566
-2112
-188
-3301
372
-366
28
-3943
-518
425
-2498
-2580
-3639
-4549
-4699
-4623
62
-4004
-4331
-1992
-3041
-383
-2195
388
-868
-2365
-4532
-1019
32
-1778
303
4
-2358
-4017
-534
-3347
-3485
-2309
-3517
-4867
-1717
-733
-2366
-4871
-817
-2316
-260
-544
-4175
-3028
-3133
-2925
-2906
-494
-1539
-88
21
204
-1332
-2870
-1040
-2154
-3217
-4760
368
415
-3222
-3450
-1530
435
-3388
-314
-2550
-4823
-804
-4630
211
-2243
-1905
-2041
-458
-720
-3951
-994
-2924
-3080
-448
-653
-1519
399
-4262
-1598
-3235
-4394
-4326
-427
-533
304
-3877
-4255
-2114
-4441
-178
-1690
-3979
-4217
-1155
-577
-2029
-3283
-2880
-3494
-4717
-1183
-202
-3388
-3059
-4853
-1420
-350
-2524
-3601
-1955
-4054
-154
-4810
-1591
-3993
-4032
-4284
-959
-4893
-545
-1715
-607
-4847
-1024
257
-550
-4511
-2944
-1087
-1879
-1093
-4613
-1153
-1160
-4671
-1547
-2841
-744
-3101
-4414
-4736
-3743
-299
-3291
-1861
-1771
-2566
-1721
-2515
-2360
-2903
-2618
-2639
-526
-1030
-4496
-3384
-386
-2682
419
-4832
-1933
-3736
-2745
-1087
-2844
-3653
-1527
333
-3018
-2127
-4706
-2064
-2633
-2452
-1356
-4653
-4030
-235
-2504
-532
-4982
-4462
-1029
-363
-1652
-4418
-3774
-1137
-4816
-1829
-3001
-2553
-4495
-3585
-1904
-1733
-4944
-3253
-4297
-2140
-1392
-4238
195
-2030
-4537
-1566
111
257
-4283
-695
-4687
-1888
-4156
-4171
-4264
-1038
-3060
-1751
-3886
363
-2436
-4137
-1498
-3027
204
-362
-4617
-690
-3791
-3148
-498
-3163
-2200
458
-2626
160
-866
-4817
-1709
-512
-917
13
-2567
-4756
-4315
-924
-2455
-204
-3468
-4945
243
-1431
-2409
-2600
-2684
-1677
-671
-1391
-2053
64
384
336
-4677
-3609
-3136
-1567
-4320
-1215
-782
-66
-4196
74
-4661
374
-896
-4022
-2892
-891
-832
-1158
-3376
-1578
-20
-3278
-3678
-2412
-3761
-3692
-7
-164
-3040
-235
-623
-3662
-2663
-1328
-1171
-4126
-4636
-84
-1940
-77
395
218
-2976
-2854
-147
-3707
-784
-3609
-3467
-1518
-3674
-3567
-1131
259
-736
-4384
391
-2430
-1504
-4304
267
-2145
-2003
-2355
-2928
-4177
-2464
434
-414
-1939
-2044
-4537
-3814
-795
-3583
-1835
-4472
-1112
-1609
-3019
-1234
-1917
304
-995
-3276
-4603
-2043
-4261
-365
-860
-2159
-2242
-2540
-686
-1869
-2995
476
320
-1559
-2083
-104
-4722
-2697
-1511
-927
-1296
-3381
-3313
-2676
-961
-4901
-1319
-901
-1692
-4778
418
-2881
-2972
-1512
-3662
-565
-3429
-1780
-2649
-2248
128
-3092
-4070
-478
-1125
-2290
-3753
-815
-3937
-1409
-4639
-932
-1712
-2327
-1562
-1437
-3649
372
-4248
-4131
-1924
-2257
-2361
-4228
-2307
-3063
-552
-4356
-4414
-12
-4428
-3662
-3294
268
-890
-1628
-1211
-4202
-2080
-2423
-405
-2919
-578
-3793
212
-3804
-1808
-3595
-4160
-2815
-4484
-1824
-330
-2709
-2794
-4453
-4637
-3272
-3412
-4091
-372
-782
-4509
-1846
-49
-1124
-234
-2285
-597
-1145
-1960
-3896
-1496
-3711
-3055
-4085
-3059
-1659
282
-4824
-1919
-1437
-844
-2373
-4036
-4401
-1341
-3498
-180
-2975
-4097
-4733
369
-204
-1870
-516
-2710
-4702
-907
-3658
-1223
-4633
423
-4743
-1375
-2506
-4445
-93
-4237
-4398
-4612
-3263
-823
265
-946
-18
-136
-1401
-2857
-1308
5
-1502
-1705
-864
-3414
213
-3981
-274
-1963
-3717
459
-1425
-4261
-1709
108
-3101
-160
-3585
-2470
-4455
-3521
-3027
58
-3982
-4453
274
-1031
-2417
-2065
-3611
-1091
-1580
-3866
-838
-2914
-4736
-2570
-188
305
-186
-2314
-4550
-3801
-2360
-1663
-3307
132
153
-3327
-1890
-572
-3174
-4156
-1670
-4093
-3358
-2118
-1869
-4055
-3177
-4512
-4842
-1249
-3974
-1917
-1029
-1392
-3255
-1969
-1180
-3957
-4338
371
87
-1114
-3293
-4514
-3952
-4191
-3167
-4673
-3912
-3252
-1465
-179
-3951
110
-1194
-3486
-1322
-1503
-3171
-4174
-4312
-3083
-397
-2361
95
109
-219
-2772
-1619
-4987
-1076
-2226
-4463
-2839
14
-3922
371
-1937
-3002
-2659
-3163
-845
-4534
-4941
-4835
-3778
-3928
-2583
-3156
-4003
-4242
-1947
-1013
-4255
240
-1522
-3900
-1095
-1557
-905
-3276
-1648
-1099
-4174
-932
-3114
-4851
-1533
-3359
-4887
-2156
-271
-1651
-1649
-1815
-4454
-2134
-3255
65
-2694
-4463
-2937
-4426
-2384
-3966
-1325
-2713
-2910
-3450
-2497
-3627
-3612
-3360
-1434
-4261
-1113
-3429
-272
-1449
277
-4915
-4984
-3712
-1138
-4111
-2145
-786
-3773
-76
-4984
-2462
-1249
198
-1514
-3039
-370
-4668
-2434
455
-3964
-2504
-2031
-3406
-613
-1084
-4694
-2393
-4493
-607
-3498
-3031
-296
-3869
-4577
-3831
-3896
-3576
-1453
-4858
-817
-886
64
-3763
-1231
451
-2532
-4767
-1383
-873
-4740
-1910
-2855
-4401
168
-4202
-2080
-1557
-656
484
-3887
-216
483
-462
165
-1446
44
-4856
-2003
-4234
-45
-624
-4085
-1869
-4748
-4343
-997
-2234
-1945
409
-1949
-3728
-4626
448
-3966
-2359
-4458
-1720
-2907
-2796
-2787
-2610
433
-1812
-1078
-3736
-2767
-526
-2575
-1369
-2701
-227
-4828
471
-1611
-4699
-2433
-4518
-1871
-3378
-3751
-2657
-2312
-505
380
-712
-4037
-2609
-3267
-3579
-1812
-19
-2142
-2304
-3790
-178
-1149
-3466
-2801
-1422
-4068
-4457
443
-3752
-3532
-2374
-1958
170
-1466
-739
-3512
363
-2572
-2263
-3954
-1604
-4184
-4460
85
-1081
65
244
-4386
-1412
-2383
-1552
-1853
-2744
-3328
-4245
-654
-3990
-923
-757
-3979
-4762
-172
-1172
-3481
-3651
373
-4719
-1938
-3049
-3101
-390
-2924
-2123
-3203
-3941
-952
-4528
-1857
99
-1264
-3050
-3167
-4985
-282
-3345
-3205
-1323
-778
-1163
-976
-3606
-4255
-1980
-762
-142
-3777
-2599
-3298
-3773
-1780
-1540
-3487
-1199
-76
-2702
-4157
-2609
-107
-3554
-274
-2482
-403
-3576
339
-69
-3783
-4210
-2407
-3347
-4685
236
-245
-2377
-2751
-4765
-1100
262
-1557
-4875
-1617
-1705
-1499
-108
-3630
-3720
-2362
-1548
-1092
-3567
-1907
-4844
-1915
208
-1292
-2894
-937
33
-4507
-2146
-1234
-3028
-4512
-3830
-1715
180
-920
-4911
154
-3710
344
-1883
-3735
-4300
-2829
-4822
-4091
-2713
-2341
-4759
-300
-3460
-980
167
-4901
-3191
-4810
-1430
143
-1689
-1172
-3119
-2433
-4860
-1246
-2228
-4929
-275
-1613
-3641
-3912
-3301
-1408
-1188
-740
-3560
-2608
-2611
-2371
-1983
-29
-2114
-2611
-3801
-3764
-1103
-2447
-3961
-4137
-4805
213
-2244
-3580
-588
-772
-2764
-4587
-2825
-2990
-162
-2928
-859
-1148
-1657
-3338
-906
-1744
-2768
-2312
-3896
-91
307
-3551
-3331
-1813
-1444
-3496
-2969
-3037
271
-604
-1833
144
-2551
-3530
-3158
-2264
-4826
-4542
-3234
-1414
-1033
-4348
-4500
-1288
-2551
-4245
-3343
-2462
-2500
266
484
-4686
-1579
-4872
-1774
-4275
-277
332
-3401
-521
-3668
-891
9
-4172
-288
-289
-3618
-1578
-1475
-1762
-4302
384
-647
-4570
-2069
-1676
-4174
-3124
-4149
57
-2073
-2287
-1954
-1399
-3097
-3627
-731
-4882
-529
-1137
-4902
23
-1063
-4375
-2739
-4273
-223
-4273
-3647
-4452
-4202
-1453
-1273
-3249
-3552
-768
-3755
-723
-2332
-1198
-688
-2179
-1261
-4468
-4993
-354
-4804
-1952
-481
416
-2297
-173
-3119
-1063
-1631
-687
-4045
-2403
-2210
-3686
-1341
-3525
-461
-3711
-2092
-2524
-2131
-747
-444
-1800
-3372
-1146
-2325
-3956
-2433
-1907
-1139
-4810
131
-262
-4871
-2340
-4068
-1651
-2434
-1892
151
-889
-3772
-4842
-2160
-3414
-4196
-3063
-1260
-1850
-1776
-68
470
298
-3374
-2117
-3621
-840
-1704
-3069
-548
-2681
-4817
-4196
-490
-4272
-4120
-1805
430
-1698
328
-1607
-4513
-3907
-4687
-571
-3547
-2585
-1673
-2705
242
408
-1359
-2988
-157
-4961
-3073
-3354
-2021
-841
-3509
-2813
-2389
-3979
-3930
-4937
-2902
-1731
-3392
-2830
-3532
-4055
-989
-4610
-2790
-3343
-2527
-4866
-699
-3527
-4479
-819
-1327
-2552
-3316
-3669
52
-12
-4656
146
-4360
-2510
-1108
-2081
-1034
-4512
-3503
-109
-4323
-953
-662
192
-1666
-3518
-3308
-1223
-532
-3837
-2015
-1208
-823
-1699
-2456
-4486
-1930
33
-3044
-1182
-2647
293
-1111
154
155
-3866
-3056
-2901
-1872
-1471
-1095
-1724
-2578
-3492
-4647
-3021
-2394
-2195
-3657
-4492
-438
-858
-3443
-1472
-3521
-4306
-331
-3282
-3256
54
-2484
238
-2970
-439
-2174
-1000
-1434
-4975
-3147
-4368
-3266
-640
-1906
-2358
-450
-3503
-4323
280
-3051
-2308
-4346
-2231
-4727
-160
-4561
-4311
-3254
-3100
-669
-1053
-297
-2757
-2481
-2720
-1575
323
-3130
-1092
-249
-105
-2096
-4019
-3475
-3722
-3276
-3256
-628
151
338
-2175
-251
-1836
-1601
-3176
106
-3790
81
380
-729
-3405
-4498
-551
-3278
-687
-3087
-2737
-2241
-2300
-3828
-2186
-3922
444
-2450
-3502
-1698
-592
-1176
-4412
-1026
-722
-1912
-1157
-296
-3552
-2889
364
-1942
-845
-2519
-1720
-3083
-693
-4115
-3483
-15
-1264
-556
-1031
-2260
42
-1136
-2863
54
-4173
-4963
-2204
-3098
-1886
-2634
-4186
-590
347
-951
-3780
-856
-2866
-2067
-602
-4498
117
-1840
-4728
-1084
55
244
-63
-4928
-2282
-4765
-451
-1589
-2318
-293
-4854
-3412
-3764
-4102
-1147
-1114
-1652
-3304
-941
-3133
-3470
-3158
-838
-4188
-3055
-1173
-735
-9
-4636
-1375
-1673
-3169
-4065
-967
-601
